1.6509 1.0804
0.50933 0.77534
0.065033 0.64255
0.32305 0.61321
0.018634 0.51764
0.29784 0.52731
-0.10569 0.009344
0.133 0.81324
2.4142 -0.15263
-0.25486 -0.23195
2.3629 -0.27138
0.63319 0.79184
2.1442 0.27633
1.3233 1.1449
1.0909 1.1593
2.3949 0.18471
0.67726 0.92619
2.5052 0.035893
2.0904 0.78007
0.99351 1.1752
2.0627 0.5476
2.4827 -0.17952
-0.024423 0.048771
2.5111 -0.098043
1.0783 1.0307
-0.049945 0.51384
1.7911 0.9455
0.15927 0.7167
2.02 0.7394
2.5296 0.055182
0.13249 0.75228
0.20519 0.49576
0.13442 0.47002
0.47028 0.89145
1.7613 0.75934
1.1508 0.98161
-0.30548 0.066243
-0.17719 -0.29963
-0.025584 0.041192
2.3044 0.072602
1.6023 0.75786
-0.30067 -0.27696
1.4852 1.0196
1.9901 0.56731
0.42301 0.74722
2.2346 0.5462
1.3716 1.041
1.1125 0.90071
-0.36365 -0.10886
0.62917 1.0317
1.9976 0.52469
-0.2153 0.014864
2.2242 0.15798
-0.044778 0.27902
2.4921 -0.20582
2.3455 -0.014531
0.63725 0.82302
1.4889 0.96347
-0.12021 0.026402
-0.16029 -0.23968
2.5909 -0.18387
1.1871 1.1698
2.2569 0.24071
2.015 0.80824
1.1232 0.98891
0.066674 0.37881
1.7918 0.90814
1.9746 0.55873
2.5497 -0.27461
0.19673 0.88596
1.5039 0.8733
2.4128 -0.042539
2.2858 0.50212
2.267 0.63753
2.2313 -0.006716
0.64035 0.96926
1.0373 1.0605
1.534 1.0868
1.7735 0.78216
-0.2511 0.11643
2.2503 -0.27944
0.75529 0.86058
1.2378 0.88753
2.2503 -0.22959
2.2863 0.45034
1.2977 0.98902
0.92178 1.119
0.35237 0.85482
1.6518 0.98267
0.25464 0.58381
0.1758 0.66848
1.2453 1.0741
1.8637 0.69768
2.4036 0.02808
1.7216 0.92416
0.29739 0.68633
2.416 0.31593
0.69479 1.0595
1.9223 0.86036
0.2623 0.72649
0.38953 0.77655
1.9238 0.90695
-0.32098 -0.27026
1.3196 0.89478
0.55337 0.82373
2.217 0.27713
-0.11458 -0.28307
2.1513 0.61293
2.553 -0.11792
0.058957 0.62576
1.0275 1.1084
2.3969 0.004648
0.19361 0.83849
1.4612 1.0225
0.1376 0.3664
2.2413 0.63761
0.27583 0.81484
0.055826 0.6796
1.2242 0.89671
1.991 0.62174
2.2681 -0.085017
0.007286 0.11579
1.6042 0.97131
2.5413 -0.27968
0.93339 1.0095
0.41654 0.81005
1.14 0.96108
1.0437 1.1264
2.4173 -0.14953
0.76707 1.0046
1.8687 0.96368
1.7395 0.78856
-0.36566 -0.22934
1.8018 0.94956
0.23176 0.74026
0.43722 0.8646
1.3181 1.039
2.2575 0.5398
2.3588 -0.12966
-0.16483 0.15127
1.3891 0.93298
2.1297 0.43353
2.1378 0.27629
2.2327 0.64595
-0.05392 0.34909
2.0777 0.33347
0.73706 1.0893
1.3454 1.0665
-0.27774 0.25387
1.2919 0.84261
0.8314 0.98668
0.40609 0.79662
-0.27954 -0.11297
0.42872 0.94986
2.3193 -0.16774
-0.28792 -0.22452
0.65085 1.1068
2.2566 -0.12822
0.73901 0.90487
1.866 0.64702
0.17326 0.8656
2.2709 -0.081024
2.2265 0.10424
0.36588 0.74184
0.21491 0.65104
0.46624 0.93105
2.487 0.25988
1.3455 0.96953
0.93701 0.95574
1.5686 0.76447
1.2796 1.0687
0.48594 0.98916
1.4446 0.99608
1.1707 1.0267
0.40847 0.94773
1.4541 0.82798
-0.11372 -0.049178
1.8117 0.78088
2.3781 0.33253
2.3061 0.055146
1.9508 0.67462
1.1747 1.1861
2.2438 0.018672
1.5634 1.1024
2.4637 -0.081134
0.13338 0.83138
2.3596 0.29767
0.33822 0.9429
-0.20073 -0.29433
0.028382 0.29072
0.006823 0.58369
0.72849 1.1142
-0.15413 0.43096
2.5737 -0.071679
2.5351 0.00999
1.4921 1.0113
1.1365 1.1082
2.1078 0.26285
2.4317 -0.022871
2.2408 0.34182
2.2201 0.61776
2.5233 -0.15812
1.5166 0.9426
-0.23735 -0.24571
1.1194 0.87013
1.698 0.91701
-0.34047 -0.2577
-0.057139 -0.064273
2.4002 0.01968
2.2784 0.23747
2.0679 0.58609
2.515 -0.017785
0.06813 0.41528
2.2508 -0.065367
-0.38026 -0.058358
2.1763 0.24445
1.5985 1.0463
-0.093998 -0.12062
2.4603 -0.023004
2.2799 -0.059214
1.1649 0.94959
-0.23771 -0.012983
-0.030287 0.17771
1.004 0.94569
2.4573 0.203
0.7369 0.80068
2.175 0.52938
2.3655 -0.25727
0.78475 0.87578
2.5741 -0.19267
1.7854 0.97866
-0.26837 0.24707
1.7148 0.67862
2.1644 0.34167
1.8867 0.60152
2.365 0.20297
0.40178 0.74089
1.3399 1.0763
0.95225 0.90293
-0.004951 0.38764
0.062542 0.55776
0.28146 0.76712
1.2311 1.0818
2.3949 -0.04439
1.8883 0.62266
2.2663 -0.27545
2.4245 0.16483
-0.35012 -0.2387
-0.14843 0.47074
2.1859 0.11211
-0.27412 0.093718
2.054 0.58347
1.4856 1.071
-0.11212 -0.2485
2.362 -0.048417
2.1452 0.4846
2.407 -0.10554
2.12 0.37703
-0.0538 0.22233
2.1774 0.19178
1.0586 0.85862
0.031188 0.68877
0.13483 0.37633
1.2024 0.98017
0.80579 0.95908
0.4512 0.66584
0.029054 0.67196
0.22905 0.87914
-0.030571 0.037696
1.5355 0.97683
1.715 0.79347
0.046367 0.41508
0.081635 0.34015
1.7804 0.82828
0.33773 0.67876
1.8771 0.96456
1.9432 0.65427
-0.16723 0.48116
0.71449 0.93978
0.58422 1.0582
0.61055 0.80325
0.50828 0.79388
0.46179 1.0118
1.9695 0.74154
0.96277 1.1905
1.1564 1.1604
1.0258 0.97067
1.9643 0.60745
1.5871 0.8343
-0.23576 -0.15705
0.11314 0.76098
1.9627 0.85384
1.9451 0.90947
2.2131 0.3229
1.6254 1.0911
2.4127 0.38477
1.3363 1.0593
0.45746 0.84235
1.8964 0.76235
2.3528 -0.18991
1.2024 0.85977
0.38004 0.92065
1.4466 0.81897
1.5424 1.0059
0.14546 0.8249
1.7421 0.73701
-0.099478 0.15936
2.0079 0.8843
0.23309 0.52689
2.2685 0.18844
0.62815 0.90437
0.19212 0.43675
-0.14889 -0.20617
2.4347 -0.29472
-0.33182 -0.085385
0.98604 1.1619
2.478 -0.29911
-0.16767 0.058921
-0.33101 -0.24654
2.3918 0.45788
-0.092022 0.37054
1.7784 1.0293
0.42652 0.99829
-0.083077 0.34316
-0.094847 0.51218
-0.18848 0.22795
1.8504 0.92474
0.96088 0.99222
0.53518 0.84685
0.55465 1.019
2.3127 0.28635
-0.016612 0.052442
1.4797 1.025
0.080536 0.68863
1.3304 0.93837
2.3734 0.20909
2.2053 0.6286
-0.31505 0.009914
0.98906 1.0304
2.5313 -0.051734
0.009195 0.69888
1.2744 1.1295
0.96391 1.0906
2.3935 -0.056516
0.13054 0.53372
2.2239 0.50096
1.3248 1.0152
1.3998 0.9961
2.0573 0.37367
1.1034 0.92031
2.3499 -0.17682
0.07247 0.50761
1.2201 0.95629
2.4699 -0.1514
0.39423 1.0122
2.4128 -0.24353
0.87727 1.1637
0.91882 0.94139
2.4613 0.18095
0.11429 0.59666
1.129 1.0423
2.4608 0.048882
2.4948 -0.13132
0.46481 1.0558
1.061 0.88506
0.73655 1.0076
-0.23362 0.20172
0.25013 0.8796
0.043377 0.65975
2.4119 0.01367
1.3251 0.93637
0.469 1.0528
0.19045 0.55306
0.92112 1.0609
0.000112 0.29977
-1.2127 -0.35909
-1.0231 -0.80371
0.37557 -1.4514
-0.14786 -1.2455
-1.0016 -0.70578
-0.70186 -1.0376
-0.87767 -0.91562
-0.96496 -0.76791
-1.1283 -0.58495
-1.0702 -0.77875
-1.3113 -0.57464
1.3686 -0.14847
-1.2256 -0.73086
1.2179 -0.36147
-0.89596 -0.89276
0.12574 -1.3135
1.3358 -0.36449
-0.81097 -1.074
-1.2494 -0.25897
-1.4442 -0.34147
1.132 -0.75027
-1.0204 -0.95229
-0.65472 -1.3223
1.3067 -0.1481
-0.55134 -1.2109
0.91372 -1.0255
1.3108 -0.32016
1.4221 -0.21537
1.2041 -0.19699
0.855 -0.97798
1.3722 -0.40371
-0.023063 -1.303
0.21673 -1.3287
0.79435 -0.99682
0.83405 -1.21
1.2339 -0.72257
1.3547 -0.49474
0.44026 -1.1706
0.96532 -1.0132
-0.82395 -0.84777
0.94224 -0.85521
0.50857 -1.2247
1.2249 -0.46961
-1.1009 -0.92226
-0.86688 -1.111
-1.3498 -0.4375
1.1099 -0.78114
1.0028 -0.59859
0.96864 -0.87773
-0.40315 -1.3679
-0.98829 -0.8832
-0.11868 -1.2377
0.54671 -1.1038
-0.60452 -1.1526
1.1282 -0.27945
-0.96816 -1.0523
-1.1599 -0.44916
1.1362 -0.55385
1.3335 -0.19589
-1.358 -0.15572
0.82827 -1.1107
-0.34885 -1.2528
-1.3738 -0.005175
1.4636 -0.12994
1.129 -0.61215
0.92984 -1.1269
0.5599 -1.2139
-0.2758 -1.2852
-1.3333 -0.39427
0.022384 -1.4657
0.11925 -1.23
1.2712 -0.27269
1.4591 -0.15611
-1.1831 -0.67375
0.70878 -1.0213
-1.2301 -0.39418
1.2647 -0.50447
-0.56123 -1.0203
-1.0713 -0.83702
-1.3534 -0.091919
-0.96422 -0.64143
1.3578 -0.1886
-0.27416 -1.3652
1.3291 -0.59567
0.38386 -1.3711
0.28307 -1.1327
1.3098 -0.53607
1.3629 -0.069507
0.16309 -1.1718
-1.2975 -0.1766
-1.1289 -0.53602
-1.4304 -0.19121
-1.3962 -0.19117
-1.2167 -0.75192
-0.31456 -1.3023
0.82225 -0.98791
1.2353 -0.24
1.1474 -0.57109
-0.95793 -0.99836
1.1958 -0.70235
0.2696 -1.3822
0.31864 -1.1133
0.5105 -1.1167
-0.76537 -0.94073
1.3267 -0.0258
1.2116 -0.50613
-1.0985 -0.36562
-0.13215 -1.4331
0.1624 -1.1758
-0.7122 -0.96626
-1.2179 -0.40282
1.0525 -0.81671
-1.398 -0.022069
-1.113 -0.74178
0.48928 -1.1546
-1.2843 -0.16456
-0.085276 -1.3044
-1.1772 -0.10506
-0.36923 -1.3658
-0.64957 -1.1356
1.0503 -0.52697
0.63329 -1.0592
-0.7364 -1.1653
-0.095942 -1.2368
0.37972 -1.2288
0.035763 -1.3385
-1.0823 -0.8233
0.65069 -1.0874
-0.39402 -1.2614
-0.57191 -1.1844
0.71097 -1.3132
-1.0685 -0.95292
-0.083196 -1.1496
-0.70485 -0.9878
1.1499 -0.14492
1.1581 -0.36868
0.68185 -0.98031
0.85387 -0.99924
-0.57911 -1.183
1.3247 -0.36641
0.32039 -1.458
0.41253 -1.2256
0.35836 -1.2211
-0.53484 -1.1638
1.0074 -0.89827
-0.79786 -1.1127
-0.25806 -1.3582
0.72003 -1.2337
-0.19017 -1.2762
-0.27683 -1.3809
-0.72295 -1.2967
-0.74928 -0.98491
0.4435 -1.3042
-1.1702 -0.21007
1.0905 -0.63401
-0.65473 -0.94835
-0.22193 -1.2515
1.0015 -0.64928
-0.2811 -1.3161
1.0658 -0.97028
0.56854 -1.0944
-1.4408 -0.16234
1.1306 -0.92185
-1.0388 -0.8954
-0.87063 -0.91681
0.96495 -1.0831
1.1583 -0.22278
-0.39283 -1.3432
-0.82645 -0.86062
1.0941 -0.57811
1.3085 -0.33398
1.2527 -0.20247
-0.52945 -1.076
-1.1243 -0.46217
-1.3172 -0.37189
-1.3175 -0.18189
-1.2952 -0.47996
-1.1137 -0.91811
0.68884 -1.2251
-0.8415 -1.04
0.2039 -1.4024
0.84649 -1.0975
0.33399 -1.3771
-1.0041 -0.60811
1.3736 -0.25698
0.99608 -0.8809
-1.4693 -0.25188
-1.1757 -0.30245
1.2768 -0.18349
1.1048 -0.96428
-1.2518 -0.32791
1.3469 -0.27547
-1.1495 -0.66819
1.3474 -0.10799
0.24299 -1.1659
1.1853 -0.43877
-0.63271 -1.0212
-0.94066 -0.78671
0.29755 -1.1341
1.371 -0.34715
-1.3712 -0.11397
1.313 -0.57401
1.008 -1.0091
1.0746 -0.83028
0.10222 -1.4453
-1.157 -0.028239
0.28594 -1.4196
1.0462 -0.5773
-1.1751 -0.3795
1.0739 -0.83281
-1.3116 -0.57563
-0.005235 -1.2599
1.3212 -0.64901
-0.39593 -1.3886
0.40895 -1.2713
-0.42969 -1.4218
-0.50562 -1.401
1.1173 -0.46679
0.4608 -1.3772
1.132 -0.57088
1.4904 -0.021911
1.2967 -0.43934
0.74205 -0.92039
1.408 -0.18584
0.61577 -1.0099
-1.2574 -0.66928
1.2131 -0.42037
-1.3087 -0.53068
1.2786 -0.57485
0.5015 -1.2608
-0.54013 -1.0942
0.49674 -1.3186
0.09184 -1.3689
-0.43095 -1.3932
0.76861 -0.97348
0.71608 -1.125
0.69305 -1.1627
-1.3283 -0.66643
1.05 -0.94195
-1.0976 -0.77522
-0.64719 -1.0372
1.2526 -0.78204
0.49702 -1.2839
-0.50213 -1.3976
-1.4761 -0.26666
-0.41374 -1.2977
-0.99289 -0.77502
0.4179 -1.4344
-0.30674 -1.4449
1.2186 -0.037012
0.53526 -1.3676
0.016155 -1.4585
0.76088 -1.2269
-1.139 -0.93174
1.3181 -0.64284
-0.88667 -0.86952
-0.21182 -1.4347
-0.14472 -1.1853
0.87162 -0.8092
-0.51782 -1.2204
0.56348 -1.1004
1.1187 -0.84814
1.1954 -0.1386
-0.40431 -1.4026
-0.93334 -1.0828
1.0934 -0.93577
-1.2987 -0.010395
1.3872 -0.26196
-1.2964 -0.17623
-0.09949 -1.4003
-0.90473 -0.97859
-0.83905 -0.89043
-1.1773 -0.096931
1.0826 -0.40219
0.65344 -1.3047
-0.70302 -1.2346
0.6853 -1.3156
1.2021 -0.6885
1.3112 -0.69189
1.2279 -0.39295
-1.2691 -0.42045
-1.3952 -0.004612
0.42984 -1.2142
-1.2027 -0.80385
-1.473 -0.17061
-1.2111 -0.44638
-1.0302 -0.53281
-0.024514 -1.1908
0.72423 -1.1277
-1.2956 -0.59777
1.0056 -0.66085
-0.19738 -1.4755
-1.1962 -0.3136
-0.89084 -1.0055
0.49474 -1.3566
1.0805 -0.71043
-0.031116 -1.4499
0.009085 -1.2805
0.6606 -1.3142
0.54509 -1.273
-0.18587 -1.394
-1.068 -0.70739
1.1591 -0.22322
-0.56231 -1.362
-0.56634 -1.1739
0.9978 -0.67902
0.84072 -1.1836
-0.7647 -0.88866
0.57319 -1.0311
-0.11486 -1.3012
-1.3115 -0.16771
0.79257 -0.85034
1.2978 -0.27411
1.1751 -0.20364
-0.78134 -1.2509
-0.68287 -0.93409
-1.3101 -0.033593
-1.2259 -0.25676
-1.019 -0.88272
0.75813 -0.88827
-0.18222 -1.2313
-0.97755 -1.1252
0.63674 -1.2526
0.87136 -0.89437
0.42475 -1.3356
0.98409 -0.87096
-1.3051 -0.37643
-0.072293 -1.3537
0.058642 -1.1612
-0.33641 -1.4495
1.0774 -0.99053
-0.5048 -1.2252
-0.47323 -1.2252
1.2575 -0.56911
1.1339 -0.51487
-0.80185 -0.86201
-0.66178 -0.97401
-0.33702 -1.3449
-0.23185 -1.4239
0.57704 -1.3078
-1.2668 -0.28681
1.0846 -0.83435
-0.32399 -1.2898
-0.50931 -1.332
-1.3212 -0.02705
-0.478 -1.3502
-0.18301 -1.1799
1.1215 -0.73267
-0.62762 -1.1028
-0.44513 -1.1187
-0.39828 -1.4441
1.1351 -0.22529
-0.41206 -1.0858
-1.298 -0.1393
-0.14406 -1.1746
0.57099 -1.018
1.384 -0.04327
1.4405 -0.32434
-0.70541 -0.98603
0.52092 -1.394
-0.51421 -1.096
-1.1178 -0.39954
-1.2026 -0.02643
-1.19 -0.49099
-0.324 -1.2509
0.33225 -1.1983
-1.1942 -0.7379
-0.4765 -1.2388
-1.4951 -0.010721
-1.4509 -0.20829
-1.2637 -0.61445
0.56195 -1.2149
-1.1868 -0.30989
-0.87537 -0.99496
0.41592 -1.3538
