7.5717 -8.7563
-8.9629 0.45906
9.4454 -7.1701
0.19187 2.2111
-8.8077 -1.548
11.413 -4.2544
-5.847 -8.1782
-2.3568 -1.0171
-8.6662 -1.146
-6.292 5.8906
6.0844 -1.5703
-2.6271 7.6861
-2.0989 1.5486
-7.0874 5.3726
1.6228 7.9117
-2.4482 0.57944
1.0854 -3.9615
6.6598 3.3224
12.809 0.11437
7.5616 -9.3727
-1.9603 -2.3704
4.3716 -2.9824
11.003 -4.7819
0.28222 -10.365
-8.2064 -2.8758
-8.6277 1.6184
-7.0269 4.7973
1.6003 8.1564
-7.837 -5.4151
-0.45433 -4.2979
1.0905 1.829
13.204 0.21503
12.875 -2.1395
-0.90509 -10.754
-0.24076 8.717
0.16212 2.5806
-8.1597 -3.3759
-2.7635 8.0316
1.3621 -10.517
-1.9549 -10.269
4.7857 6.6172
-8.3764 -2.5677
-5.8187 -7.8843
7.101 1.1581
12.812 0.25724
0.18906 -4.5348
0.0080199 2.6512
-5.3707 7.0454
5.8499 5.3623
-8.4511 1.6879
5.5728 -3.0991
-0.082752 -10.568
-2.2144 -2.3779
5.969 -9.7223
6.6662 4.0927
-8.6493 1.3139
11.85 -4.4775
-2.6114 -2.2933
-1.9295 -9.6738
5.7062 -2.0019
4.4611 -10.293
-2.7643 -0.35483
3.9914 -3.5464
1.7448 -10.455
2.7197 -4.4032
-1.3202 -10.155
0.48274 -10.548
-2.9053 -9.6343
-0.74936 8.436
-2.2185 -2.7343
4.9284 -9.8356
6.0721 -2.1157
-2.1062 2.1928
2.5381 -4.0217
-8.7446 -3.236
-4.8495 7.7372
-9.2824 0.74231
4.2785 -10.121
0.8501 -10.899
-1.7984 -3.48
6.7897 0.97602
5.9028 -1.9599
5.9328 4.9281
-8.6262 -3.4794
-9.1208 -2.8747
-3.1132 0.38691
-2.8621 0.39584
-0.48886 8.5113
4.1562 -3.0674
-2.3993 7.6606
-3.4691 -9.8581
3.9848 -10.007
-1.6266 -3.1491
-7.9343 -4.8078
-1.5697 1.6636
-2.6809 1.0513
0.13001 -10.437
-7.937 3.6507
4.6795 -2.7606
-0.58006 2.746
11.524 -5.4335
6.7346 -0.75003
0.12995 2.6252
-2.9815 -0.095033
-2.0945 -10.041
0.63448 1.8867
7.3291 1.9696
-6.4735 5.8411
6.0415 5.203
-7.8939 -6.0496
-8.8134 1.5378
-1.9418 0.96032
-8.9272 -1.6616
-2.515 0.79419
6.6365 -9.4514
5.8887 -2.4118
4.0863 7.3093
6.6298 0.36267
2.4911 -4.4172
0.060105 -4.3582
0.49265 1.8023
6.305 -0.12307
-9.2347 1.3758
6.3009 4.2839
-6.9881 4.729
-2.6456 -0.54664
2.8113 -10.449
7.1565 0.40896
7.7264 -8.239
-4.7524 -8.371
6.1341 -9.4268
13.047 -1.8737
-9.0584 0.77918
1.1729 2.1128
-0.33767 2.4615
-1.1379 8.246
-0.82744 -3.2297
6.1868 4.5178
8.0389 -8.8246
-2.9896 0.59948
6.3486 0.11547
-8.3728 3.4512
10.164 -6.8641
0.26202 -4.1455
6.3522 -1.1404
10.293 -6.0429
2.5359 -4.145
-1.9836 0.58035
-1.2065 -3.3114
12.048 -2.0303
3.873 -10.335
-3.0438 -0.7193
-2.3555 -2.3862
-1.9849 1.4624
-2.0499 8.1692
-8.604 0.24892
-0.43972 -10.09
1.8919 -4.4463
1.2998 1.8508
5.5902 -2.2043
-2.5331 -9.8755
6.3055 -9.2909
6.6353 2.7937
5.8669 5.4575
0.74757 -4.5458
7.3134 -8.9777
-1.6981 -2.9304
4.5333 -3.0709
12.102 -3.7372
-0.17453 -10.022
-2.3206 -1.6251
-1.0452 1.9191
2.7575 -4.0821
11.258 -4.6376
-2.2329 1.9161
-2.2803 -0.22694
3.8079 -10.573
6.124 -10.065
4.9334 -2.9688
1.0582 2.3128
8.0938 -9.0333
-5.6144 6.4896
0.027671 8.8465
10.678 -5.4793
-1.2051 -3.1253
-2.4857 1.9499
-1.3933 2.1628
1.866 7.7555
-1.5071 2.1313
-1.5388 1.3471
6.1834 -1.4384
5.904 -1.557
5.8768 -1.7919
5.3052 -2.9862
-8.7916 -0.13337
-3.1048 -0.28498
-1.5044 -10.191
-2.3014 0.66023
5.3763 5.6767
-0.19893 2.1377
2.2233 -10.1
5.5128 -3.019
12.238 -1.7171
-0.50205 8.5884
6.5314 -0.48804
4.0577 6.4722
3.6474 7.3396
0.29351 1.7087
-7.136 -5.2464
0.016572 1.9014
-1.4062 -3.1686
-2.7988 0.36282
-8.7745 0.38262
-2.692 -1.2957
0.24528 2.6621
6.5616 0.75932
1.3101 -4.1362
-0.40186 -9.9535
-8.1702 -3.6392
-1.5235 8.8812
7.1967 0.88908
10.711 -6.0065
-0.42149 -4.3936
-8.7473 1.7634
-2.9658 -0.88771
-0.071123 8.7255
-2.7716 0.53966
5.7397 5.1137
0.41609 2.3759
7.0301 3.1269
-8.4623 1.3908
-7.3712 4.616
-8.7845 2.7866
-8.4413 1.1915
3.2335 7.7185
3.8528 7.4084
4.3641 6.3744
-0.35589 1.8307
3.7166 7.7367
12.923 -1.085
6.7166 -9.0182
-0.52421 8.7614
0.37031 -10.164
6.3613 -1.3876
2.2641 8.003
-0.72976 -3.964
-0.21683 2.4906
-7.1436 -5.7201
4.8325 -9.8744
10.865 -5.1737
6.89 3.9425
-2.599 -0.34586
-3.9854 -8.7516
0.47564 -4.4788
4.4087 7.3282
-8.4103 -4.5806
-5.1341 6.8813
-8.5833 -1.0482
3.146 7.1297
4.1781 -3.9978
6.5805 0.97891
-1.9504 -2.513
0.70389 -3.7962
-0.076608 -3.7123
0.31465 -10.363
-2.3475 -1.3185
-8.1707 4.0263
-7.0949 4.251
4.277 -10.167
5.9236 -2.5179
6.469 4.6434
5.1325 5.9748
-1.8136 1.6781
1.0806 1.9492
-8.553 -3.0658
-1.1924 -3.9219
-4.3025 7.4207
-1.5316 1.5391
6.8324 0.88324
-0.1907 2.0896
0.55367 1.7516
-1.096 -3.3953
7.3239 1.6209
-1.4912 1.5735
-0.77459 2.663
-1.5834 1.6223
-8.4639 -2.992
-5.6111 6.6718
-3.0144 8.0395
5.4336 -2.6441
-4.5349 7.0005
7.1636 0.7609
4.7368 -3.1568
-5.9531 -8.2989
8.551 -8.2229
-2.4846 -1.6142
11.199 -5.0925
-0.08536 2.2642
-2.4035 1.4864
-5.4712 6.4522
-1.5137 2.4379
-9.2836 -1.1842
-8.145 3.6414
-2.4558 1.2789
-3.1076 -0.34133
2.7072 8.1667
-6.8461 5.4795
-1.6524 7.7906
-6.8442 -7.1947
1.2082 -4.632
-7.54 3.9906
9.9791 -7.2338
-8.6693 3.1108
-5.3108 7.1982
1.136 1.9152
6.8797 1.432
0.69689 1.78
5.9121 -9.1897
-0.48866 2.0067
0.67069 -4.1104
4.1706 6.6491
-2.9554 -1.7026
12.763 -2.6693
4.8225 5.527
12.186 -2.6955
2.1137 8.2699
0.51985 -4.1484
-1.5997 8.1094
8.5467 -7.9255
0.99949 -4.6746
-1.9146 -2.4873
6.9745 2.3349
0.6453 -4.4462
2.1861 7.622
6.2733 -1.833
-2.3719 -0.32884
-5.2454 -7.6942
1.028 7.9404
3.3901 -9.8786
12.776 -0.77256
-2.8925 -1.1563
0.01611 -10.839
-2.0917 -2.6033
0.14757 2.1327
-5.3502 6.5982
6.7181 3.0906
-1.8031 1.4822
1.3149 -4.0249
5.1336 5.0327
-6.802 5.7108
0.062599 2.3526
-1.2754 1.8253
-1.7977 2.098
6.9171 1.6295
4.3685 -10.416
8.6011 -8.0031
3.1803 -3.5375
5.9264 -1.5821
-1.9848 1.7547
-8.7883 -3.43
-9.2308 -1.9157
4.9874 -2.6357
-2.8701 0.20161
7.1438 -0.39719
10.695 -4.9817
5.0964 -2.5978
4.8302 6.4979
2.8836 -4.1526
-3.6173 -9.2493
-8.7502 -1.2214
3.0274 8.1331
5.6857 4.7116
-8.611 -3.1652
11.204 -5.1793
-2.6763 0.67428
1.0695 -4.5537
-5.7313 -7.6283
12.862 -1.0821
3.0671 -9.9374
5.7079 5.5743
0.6177 1.9601
5.0301 -3.4987
1.3987 -3.8379
0.22816 2.5905
-4.2865 7.3173
6.9639 2.3497
-1.6412 -3.1187
-2.8431 -1.1253
6.4702 1.5275
-1.3476 1.7666
0.77033 8.5476
6.1741 -0.53679
0.12408 2.0913
-1.8153 -3.1424
-5.6812 5.8274
0.65394 2.4222
6.7819 1.1035
-1.9252 -1.9691
-4.3293 -9.4567
-8.1718 -5.4109
0.83462 -4.2159
-2.313 1.3641
6.0307 -2.5801
6.3466 0.24333
6.2347 3.8003
11.363 -4.5722
5.4075 5.5504
13.053 -0.99932
-5.3457 -8.1813
-9.2965 0.9452
-0.47766 -3.5561
1.9933 -3.8778
-4.7669 -8.1148
-7.4908 -4.8945
0.41186 2.4724
0.14588 1.9211
-9.2215 -0.73678
0.12783 2.6324
7.2918 1.1638
5.9196 -2.8069
-1.7939 2.3073
-2.7763 -2.0113
1.5308 -4.8027
4.6612 -3.5412
-2.17 -2.7948
0.6553 2.4946
7.0238 0.36321
-1.9924 1.3647
-7.019 -7.0837
4.2863 -10.498
-3.3328 -9.2031
0.46874 1.8095
-5.3175 -7.9429
-1.3745 1.9918
-6.8905 5.2877
-3.4075 -9.5079
12.183 -1.968
-3.2373 -0.86126
-6.9285 -6.6142
4.3678 6.9492
-2.964 -2.2842
-3.4065 -8.8995
-4.8419 7.3999
6.2959 -2.1914
6.7655 3.5153
6.3684 4.5337
0.59875 -3.8261
-8.7906 -2.3959
-2.9827 0.59474
6.5407 1.9162
5.4015 6.1145
-2.3695 -0.49796
2.6011 7.9261
0.82401 -4.0192
-2.7044 0.61541
-3.0852 7.5535
3.0503 -10.523
11.066 -4.7355
4.0002 -10.385
0.018195 2.5496
6.2979 0.81916
5.446 4.7594
1.2565 8.0957
6.6205 3.4383
1.4751 8.1622
-2.2136 8.1432
-5.6104 6.4548
5.9694 -2.6576
1.3141 7.7555
-5.3197 7.0687
2.7112 -3.7771
-9.2005 -2.0031
-4.9587 -8.585
6.3322 1.2064
-4.6331 7.0611
-6.6401 -7.4137
-4.7436 6.8765
5.8193 -2.4279
4.7195 -3.4548
-3.6898 -8.9522
4.5583 -2.9732
1.6378 -4.1827
2.4918 -4.6483
-2.7612 -9.7482
-7.827 4.2817
0.57582 2.0323
4.0753 6.9202
-2.3413 -0.84923
-2.7492 -0.50415
-8.571 -0.15117
0.31951 1.958
10.183 -6.7923
13.394 0.6083
5.8175 -1.7013
6.05 -0.10956
-7.8431 -5.7202
-2.4739 -9.4029
-1.268 -3.892
5.3924 4.7919
-2.3409 -1.4681
4.784 -3.0315
-4.8692 -8.2263
-1.8625 1.4036
-0.78847 -3.3713
-7.8629 4.9395
6.152 -1.9671
3.7417 7.3723
-2.378 1.2318
-1.878 -10.29
2.928 7.2304
5.4944 5.6061
-0.31194 2.0249
-5.3493 -7.8039
-2.5362 -9.8017
5.7895 -2.0094
-8.9198 0.12075
6.4721 0.47649
-1.332 -3.3285
-0.89455 1.938
-7.7665 -5.7499
-8.4999 -4.1999
6.5731 1.6127
12.412 -2.241
-2.4763 -2.3973
9.3681 -7.9257
-8.5724 -2.937
1.4879 7.9823
3.6439 -4.2374
11.966 -3.6062
0.22408 1.8049
-2.3779 -1.23
0.021855 1.8087
-1.3026 2.0276
6.6998 1.3383
-1.2618 -3.8431
4.8873 6.4647
10.505 -6.9625
-2.6183 0.18917
13.16 -1.4045
6.4327 -0.12728
-0.69379 -3.858
0.12681 2.5201
5.7969 -1.9373
-7.9568 3.4114
-0.41759 2.2896
-2.8001 -1.4784
5.1053 -3.6233
-2.937 -0.30493
-1.3267 -2.816
-2.2333 1.33
6.7092 0.59655
0.86788 2.1115
5.422 -10.043
-7.9285 -4.656
-3.2574 0.079647
-0.1771 2.7083
-0.52128 -10.427
0.2242 1.763
0.9329 1.7494
0.48378 2.6359
0.99382 -10.043
7.9749 -8.3438
12.139 -3.7054
1.1973 1.7582
9.733 -6.9743
-2.2142 0.63547
-2.8197 -0.15006
-2.467 0.44857
-1.6705 1.6358
10.99 -5.8463
-0.93383 -4.0793
-1.6339 2.2228
-8.7458 1.2152
8.6477 -8.3335
-1.1508 8.5299
6.728 -0.6862
4.6637 -2.8804
7.1416 -9.1285
-2.4755 -1.9362
-4.7582 -8.5175
-4.3181 7.7207
6.747 1.1138
-4.8121 -8.1807
-8.9098 -1.6752
3.849 -3.8507
4.4946 -4.0284
-7.9561 4.6188
-0.72323 -10.589
-8.0054 2.7523
1.2857 -4.5592
7.1125 0.38947
-0.083647 2.7476
0.065452 1.8093
-0.26999 2.1857
-0.96953 2.4843
4.55 -2.744
-1.3842 1.46
-3.5806 7.762
6.6802 -0.80205
-2.4565 -1.1924
0.13702 1.8038
-4.4326 -8.8503
2.7813 8.0775
-5.4362 7.1607
2.214 -4.1759
5.3811 5.3667
-3.6706 7.466
-8.7879 -1.3891
1.4453 -4.2825
-1.9905 1.8668
-8.6431 0.33457
-3.2156 -1.2501
2.7672 8.352
1.9967 8.0559
9.6823 -6.949
-2.5137 1.0468
-6.075 6.2071
4.6653 6.7629
-8.2013 2.1178
-5.5317 6.7729
4.2331 6.3137
5.2038 5.0139
-5.8447 -8.1564
-2.1978 -2.4909
4.2059 -3.476
10.831 -5.8779
-5.0473 6.8584
2.5129 8.0484
0.25864 -10.546
-9.139 -1.9672
0.84339 8.0423
-6.8124 -6.5529
-5.9847 -7.8587
-1.146 2.147
0.25512 -4.3155
-1.6138 2.3241
-8.9327 -0.097199
-2.0482 -1.7159
12.848 -2.3348
1.3155 -10.897
8.0863 -9.4676
-10.371 0.48095
9.9937 -7.9866
0.29705 3.4416
1.9876 2.0591
-9.9965 -1.5622
12.782 -4.0222
-6.524 -8.1727
-3.2564 -1.4146
-9.8053 -1.7355
-7.19 5.8926
7.4992 -1.6903
-2.8473 9.1376
-2.1295 2.6283
-7.8568 6.6181
2.3068 8.7557
-3.4592 0.44881
1.206 -5.4594
7.3776 4.013
13.504 -0.21786
7.9008 -9.6246
-2.596 -3.1105
5.3777 -4.2496
12.534 -5.6277
0.35663 -11.964
-9.7488 -3.6582
-9.9169 1.5482
-7.9029 5.5207
2.1783 8.6134
-7.9089 -6.4359
-0.6342 -4.4984
0.88468 2.2702
14.2 0.2625
13.929 -1.8787
-0.60737 -11.695
-0.57165 9.3911
-0.66592 3.234
-9.2509 -3.0112
-3.184 8.7365
0.46365 -11.831
-2.2137 -10.585
5.1698 7.0441
-9.6082 -2.4843
-6.233 -8.8617
7.3676 1.4353
13.744 -0.16099
0.376 -4.6969
-0.023103 3.631
-6.1597 7.2642
6.6044 6.4092
-9.6556 2.2479
5.6782 -3.7287
0.088534 -11.632
-2.7047 -3.2244
6.5812 -10.723
7.4623 4.8782
-9.9171 1.7715
12.51 -5.4023
-3.2421 -3.1838
-1.9633 -10.632
6.7197 -2.6339
5.1399 -11.387
-3.2705 -0.59352
4.7867 -3.7401
1.3869 -11.394
3.0126 -5.5485
-2.4051 -11.456
0.99486 -11.178
-3.7413 -10.203
-1.1009 9.4235
-2.9972 -4.0208
4.9229 -10.579
6.057 -3.154
-2.2864 2.3651
2.5551 -4.6683
-9.4688 -3.4392
-4.7663 8.5421
-9.8482 -0.095649
4.0541 -11.015
1.0913 -11.159
-2.61 -3.7356
7.3721 0.7525
6.4678 -3.392
6.3955 5.8083
-9.7341 -3.0819
-9.8598 -2.6516
-3.5069 -0.13227
-3.8206 0.69813
-1.1923 8.9691
5.2236 -4.5092
-3.1299 8.8234
-3.8693 -10.831
3.9902 -10.826
-2.158 -3.2246
-8.6008 -5.3749
-1.6318 2.4409
-3.0983 1.5969
0.36168 -11.077
-9.2452 4.2523
5.1734 -3.4188
-0.99479 2.9003
11.949 -5.729
7.4703 -0.57956
-0.30292 3.5928
1.7172 1.8448
-3.8586 0.081407
-1.8681 -10.841
-0.20151 3.0333
7.6468 2.1892
-7.0064 6.6208
6.1684 6.0547
-8.5744 -6.1135
-9.4994 0.96694
-2.6264 2.0079
1.5708 2.2351
-10.207 -1.3112
-3.7429 0.69303
6.9833 -10.108
6.3737 -3.1106
4.0836 8.4587
7.877 0.28981
2.427 -5.1524
0.32114 -5.6086
0.38562 3.0166
7.6715 -0.20267
1.5099 2.3937
-10.239 0.86595
6.8212 4.7982
-8.4479 5.8464
-3.3756 -1.8414
2.0195 -11.757
7.7435 -0.19355
8.2523 -9.4064
-4.8201 -9.186
7.0541 -10.087
14.132 -1.6822
-9.7769 1.4676
0.83701 2.6173
-0.44822 3.2952
-0.99358 9.1593
-1.5914 -4.0866
6.8425 4.8608
7.7744 -9.317
-3.285 1.0946
7.7248 -0.46252
-9.2484 4.1158
10.434 -7.7684
1.3325 2.444
0.12103 -5.1175
6.7833 -1.4926
11.243 -7.1218
2.6908 -4.9364
2.038 1.8082
-3.0535 1.3032
-1.9762 -3.9869
13.797 -2.2288
4.7075 -10.934
-4.0502 -1.0869
-2.4289 -2.6877
-3.1138 1.6987
-1.9542 9.7421
-9.5394 -0.17898
0.16693 -11.233
2.1918 -5.5988
1.0554 2.7119
6.3415 -3.0925
-3.1323 -10.324
7.1917 -10.098
7.7489 3.2217
6.2182 5.6075
0.70239 -5.3469
7.4513 -9.9829
-2.6856 -3.5457
5.3094 -3.5871
13.127 -4.8188
-0.55648 -11.328
-2.9877 -2.1455
-2.3472 2.5819
1.4166 2.7225
2.3235 -4.9009
12.502 -5.4308
-3.1659 2.2169
-3.5258 -0.41705
4.2855 -11.099
6.4039 -10.423
5.8492 -3.3484
1.0706 2.6482
8.7572 -9.289
-7.2117 6.7781
0.087439 9.5294
11.356 -6.3155
-1.4625 -4.1908
-3.2056 1.54
-2.0973 3.1064
1.7473 8.7487
-2.3139 1.7819
-2.5723 2.2522
6.5293 -1.9746
6.8279 -1.9445
6.2598 -2.4589
5.6201 -3.4886
-9.6245 -0.18452
-4.2128 -1.0221
-1.413 -11.15
-3.7874 0.48441
6.4865 6.0106
-0.14926 3.5356
2.7053 -11.46
6.0652 -3.028
13.36 -2.0499
-0.60727 9.7529
7.5249 -1.3239
4.512 7.2866
3.5998 7.9759
0.31688 3.4108
-8.26 -6.2123
-0.9121 3.6852
-1.1017 -4.0722
-3.6975 1.2215
-9.8875 0.94187
-3.8362 -1.6005
0.02316 2.8633
8.1321 1.5851
1.194 -5.0429
-0.52876 -11.365
-9.1429 -3.5926
-0.97562 9.1585
7.8789 1.5544
11.114 -7.342
-0.7804 -5.184
-9.5276 1.3572
-3.625 -0.40823
0.72879 9.8447
-3.7551 1.2743
6.9445 4.7972
-0.17377 3.1675
7.6175 3.8301
-9.5805 1.7095
-8.6849 4.3877
-9.5464 3.0423
-10.265 1.8767
3.6802 7.9028
3.5546 7.684
4.7449 7.2238
-1.1284 3.203
4.0162 7.8977
13.532 -0.43961
7.1436 -9.8051
-0.48995 8.9814
0.69251 -11.116
6.9067 -1.6611
3.2397 9.1113
-0.4346 -5.0433
-1.0753 2.7936
-7.9106 -6.2218
4.8999 -10.679
1.8386 1.9773
12.008 -5.8715
7.4908 4.1073
-3.7895 0.3042
-4.3811 -10.562
0.65623 -4.742
4.3452 7.5415
-8.6425 -5.4546
-5.2807 8.2191
-9.7942 -1.096
3.0418 8.7026
4.2871 -4.764
7.7738 0.90806
-2.3173 -3.3575
0.5776 -4.9175
-0.96654 -4.4191
0.28002 -11.047
-3.5029 -1.7267
-8.7786 4.1041
-8.561 5.5946
5.0671 -10.53
5.9466 -3.3028
6.6848 5.2491
5.9345 6.7521
-1.7658 2.3131
0.66315 2.7056
-9.6783 -4.1617
-1.0534 -4.2437
-4.2403 8.6554
-2.6718 2.5414
7.5287 0.66609
-0.73172 3.2688
0.43364 3.4487
-1.588 -4.4168
8.2834 1.8373
-2.7646 2.7119
-1.4449 3.4567
-2.559 2.2381
-9.3706 -3.931
-5.9664 7.1224
-3.3806 9.4031
6.2076 -3.1019
-5.3544 7.5308
7.3837 1.0886
5.8071 -3.7016
-6.0946 -8.6301
8.89 -8.8571
-3.5644 -1.6892
12.29 -4.6639
0.60384 2.7714
-3.515 1.5566
-6.3464 7.1
-2.0801 3.0453
-9.8886 -1.4223
-9.0609 4.6606
-2.9079 1.0717
-3.5977 -0.47123
2.6248 8.2284
-7.6215 5.9693
-1.8591 9.6651
1.5244 2.415
1.8186 1.8981
-7.4016 -7.5212
1.0126 -4.7936
-8.8764 3.8192
11.011 -7.6479
-9.567 2.7991
-5.3768 8.43
1.0474 2.5157
8.1268 1.4619
1.1198 2.7397
6.7313 -10.02
-0.90029 3.0313
0.82655 -5.4202
4.3985 7.7125
-3.0984 -1.5578
13.233 -2.5955
6.1496 6.3685
13.794 -2.657
2.2897 9.4994
0.49727 -5.7554
1.3564 -11.286
-6.5717 9.7563
9.9629 0.54094
-8.4454 8.1701
0.80813 -1.2111
9.8077 2.548
-10.413 5.2544
6.847 9.1782
3.3568 2.0171
9.6662 2.146
7.292 -4.8906
-5.0844 2.5703
3.6271 -6.6861
3.0989 -0.54857
8.0874 -4.3726
-0.62284 -6.9117
3.4482 0.42056
-0.085408 4.9615
-5.6598 -2.3224
-11.809 0.88563
-6.5616 10.373
2.9603 3.3704
-3.3716 3.9824
-10.003 5.7819
0.71778 11.365
9.2064 3.8758
9.6277 -0.61844
8.0269 -3.7973
-0.6003 -7.1564
8.837 6.4151
1.4543 5.2979
-0.090498 -0.82902
-12.204 0.78497
-11.875 3.1395
1.9051 11.754
1.2408 -7.717
0.83788 -1.5806
9.1597 4.3759
3.7635 -7.0316
-0.36215 11.517
2.9549 11.269
-3.7857 -5.6172
9.3764 3.5677
6.8187 8.8843
-6.101 -0.15807
-11.812 0.74276
0.81094 5.5348
0.99198 -1.6512
6.3707 -6.0454
-4.8499 -4.3623
9.4511 -0.6879
-4.5728 4.0991
1.0828 11.568
3.2144 3.3779
-4.969 10.722
-5.6662 -3.0927
9.6493 -0.31392
-10.85 5.4775
3.6114 3.2933
2.9295 10.674
-4.7062 3.0019
-3.4611 11.293
3.7643 1.3548
-2.9914 4.5464
-0.74476 11.455
-1.7197 5.4032
2.3202 11.155
0.51726 11.548
3.9053 10.634
1.7494 -7.436
3.2185 3.7343
-3.9284 10.836
-5.0721 3.1157
3.1062 -1.1928
-1.5381 5.0217
9.7446 4.236
5.8495 -6.7372
10.282 0.25769
-3.2785 11.121
0.1499 11.899
2.7984 4.48
-5.7897 0.023977
-4.9028 2.9599
-4.9328 -3.9281
9.6262 4.4794
10.121 3.8747
4.1132 0.61309
3.8621 0.60416
1.4889 -7.5113
-3.1562 4.0674
3.3993 -6.6606
4.4691 10.858
-2.9848 11.007
2.6266 4.1491
8.9343 5.8078
2.5697 -0.66363
3.6809 -0.051291
0.86999 11.437
8.937 -2.6507
-3.6795 3.7606
1.5801 -1.746
-10.524 6.4335
-5.7346 1.75
0.87005 -1.6252
3.9815 1.095
3.0945 11.041
0.36552 -0.88671
-6.3291 -0.96956
7.4735 -4.8411
-5.0415 -4.203
8.8939 7.0496
9.8134 -0.53779
2.9418 0.039683
9.9272 2.6616
3.515 0.20581
-5.6365 10.451
-4.8887 3.4118
-3.0863 -6.3093
-5.6298 0.63733
-1.4911 5.4172
0.93989 5.3582
0.50735 -0.80232
-5.305 1.1231
10.235 -0.37583
-5.3009 -3.2839
7.9881 -3.729
3.6456 1.5466
-1.8113 11.449
-6.1565 0.59104
-6.7264 9.239
5.7524 9.371
-5.1341 10.427
-12.047 2.8737
10.058 0.22082
-0.17285 -1.1128
1.3377 -1.4615
2.1379 -7.246
1.8274 4.2297
-5.1868 -3.5178
-7.0389 9.8246
3.9896 0.40052
-5.3486 0.88453
9.3728 -2.4512
-9.1636 7.8641
0.73798 5.1455
-5.3522 2.1404
-9.2933 7.0429
-1.5359 5.145
2.9836 0.41965
2.2065 4.3114
-11.048 3.0303
-2.873 11.335
4.0438 1.7193
3.3555 3.3862
2.9849 -0.46243
3.0499 -7.1692
9.604 0.75108
1.4397 11.09
-0.89187 5.4463
-0.29977 -0.85075
-4.5902 3.2043
3.5331 10.876
-5.3055 10.291
-5.6353 -1.7937
-4.8669 -4.4575
0.25243 5.5458
-6.3134 9.9777
2.6981 3.9304
-3.5333 4.0709
-11.102 4.7372
1.1745 11.022
3.3206 2.6251
2.0452 -0.91911
-1.7575 5.0821
-10.258 5.6376
3.2329 -0.91612
3.2803 1.2269
-2.8079 11.573
-5.124 11.065
-3.9334 3.9688
-0.058182 -1.3128
-7.0938 10.033
6.6144 -5.4896
0.97233 -7.8465
-9.6783 6.4793
2.2051 4.1253
3.4857 -0.94993
2.3933 -1.1628
-0.86597 -6.7555
2.5071 -1.1313
2.5388 -0.3471
-5.1834 2.4384
-4.904 2.557
-4.8768 2.7919
-4.3052 3.9862
9.7916 1.1334
4.1048 1.285
2.5044 11.191
3.3014 0.33977
-4.3763 -4.6767
1.1989 -1.1377
-1.2233 11.1
-4.5128 4.019
-11.238 2.7171
1.5021 -7.5884
-5.5314 1.488
-3.0577 -5.4722
-2.6474 -6.3396
0.70649 -0.70866
8.136 6.2464
0.98343 -0.90137
2.4062 4.1686
3.7988 0.63718
9.7745 0.61738
3.692 2.2957
0.75472 -1.6621
-5.5616 0.24068
-0.3101 5.1362
1.4019 10.954
9.1702 4.6392
2.5235 -7.8812
-6.1967 0.11092
-9.7111 7.0065
1.4215 5.3936
9.7473 -0.76343
3.9658 1.8877
1.0711 -7.7255
3.7716 0.46034
-4.7397 -4.1137
0.58391 -1.3759
-6.0301 -2.1269
9.4623 -0.39083
8.3712 -3.616
9.7845 -1.7866
9.4413 -0.1915
-2.2335 -6.7185
-2.8528 -6.4084
-3.3641 -5.3744
1.3559 -0.83073
-2.7166 -6.7367
-11.923 2.085
-5.7166 10.018
1.5242 -7.7614
0.62969 11.164
-5.3613 2.3876
-1.2641 -7.003
1.7298 4.964
1.2168 -1.4906
8.1436 6.7201
-3.8325 10.874
-9.8653 6.1737
-5.89 -2.9425
3.599 1.3459
4.9854 9.7516
0.52436 5.4788
-3.4087 -6.3282
9.4103 5.5806
6.1341 -5.8813
9.5833 2.0482
-2.146 -6.1297
-3.1781 4.9978
-5.5805 0.021088
2.9504 3.513
0.29611 4.7962
1.0766 4.7123
0.68535 11.363
3.3475 2.3185
9.1707 -3.0263
8.0949 -3.251
-3.277 11.167
-4.9236 3.5179
-5.469 -3.6434
-4.1325 -4.9748
2.8136 -0.67807
-0.080641 -0.9492
9.553 4.0658
2.1924 4.9219
5.3025 -6.4207
2.5316 -0.53906
-5.8324 0.11676
1.1907 -1.0896
0.44633 -0.75162
2.096 4.3953
-6.3239 -0.62091
2.4912 -0.57353
1.7746 -1.663
2.5834 -0.62232
9.4639 3.992
6.6111 -5.6718
4.0144 -7.0395
-4.4336 3.6441
5.5349 -6.0005
-6.1636 0.2391
-3.7368 4.1568
6.9531 9.2989
-7.551 9.2229
3.4846 2.6142
-10.199 6.0925
1.0854 -1.2642
3.4035 -0.48643
6.4712 -5.4522
2.5137 -1.4379
10.284 2.1842
9.145 -2.6414
3.4558 -0.27894
4.1076 1.3413
-1.7072 -7.1667
7.8461 -4.4795
2.6524 -6.7906
7.8442 8.1947
-0.20822 5.632
8.54 -2.9906
-8.9791 8.2338
9.6693 -2.1108
6.3108 -6.1982
-0.136 -0.91523
-5.8797 -0.43202
0.30311 -0.77998
-4.9121 10.19
1.4887 -1.0067
0.32931 5.1104
-3.1706 -5.6491
3.9554 2.7026
-11.763 3.6693
-3.8225 -4.527
-11.186 3.6955
-1.1137 -7.2699
0.48015 5.1484
2.5997 -7.1094
-7.5467 8.9255
0.00050726 5.6746
2.9146 3.4873
-5.9745 -1.3349
0.3547 5.4462
-1.1861 -6.622
-5.2733 2.833
3.3719 1.3288
6.2454 8.6942
-0.027979 -6.9404
-2.3901 10.879
-11.776 1.7726
3.8925 2.1563
0.98389 11.839
3.0917 3.6033
0.85243 -1.1327
6.3502 -5.5982
-5.7181 -2.0906
2.8031 -0.48221
-0.31488 5.0249
-4.1336 -4.0327
7.802 -4.7108
0.9374 -1.3526
2.2754 -0.82525
2.7977 -1.098
-5.9171 -0.62954
-3.3685 11.416
-7.6011 9.0031
-2.1803 4.5375
-4.9264 2.5821
2.9848 -0.75473
9.7883 4.43
10.231 2.9157
-3.9874 3.6357
3.8701 0.79839
-6.1438 1.3972
-9.6948 5.9817
-4.0964 3.5978
-3.8302 -5.4979
-1.8836 5.1526
4.6173 10.249
9.7502 2.2214
-2.0274 -7.1331
-4.6857 -3.7116
9.611 4.1652
-10.204 6.1793
3.6763 0.32572
-0.06946 5.5537
6.7313 8.6283
-11.862 2.0821
-2.0671 10.937
-4.7079 -4.5743
0.3823 -0.96015
-4.0301 4.4987
-0.39869 4.8379
0.77184 -1.5905
5.2865 -6.3173
-5.9639 -1.3497
2.6412 4.1187
3.8431 2.1253
-5.4702 -0.52748
2.3476 -0.76659
0.22967 -7.5476
-5.1741 1.5368
0.87592 -1.0913
2.8153 4.1424
6.6812 -4.8274
0.34606 -1.4222
-5.7819 -0.10351
2.9252 2.9691
5.3293 10.457
9.1718 6.4109
0.16538 5.2159
3.313 -0.36415
-5.0307 3.5801
-5.3466 0.75667
-5.2347 -2.8003
-10.363 5.5722
-4.4075 -4.5504
-12.053 1.9993
6.3457 9.1813
10.297 0.054802
1.4777 4.5561
-0.99329 4.8778
5.7669 9.1148
8.4908 5.8945
0.58814 -1.4724
0.85412 -0.92107
10.221 1.7368
0.87217 -1.6324
-6.2918 -0.1638
-4.9196 3.8069
2.7939 -1.3073
3.7763 3.0113
-0.53077 5.8027
-3.6612 4.5412
3.17 3.7948
0.3447 -1.4946
-6.0238 0.63679
2.9924 -0.36474
8.019 8.0837
-3.2863 11.498
4.3328 10.203
0.53126 -0.80947
6.3175 8.9429
2.3745 -0.99181
7.8905 -4.2877
4.4075 10.508
-11.183 2.968
4.2373 1.8613
7.9285 7.6142
-3.3678 -5.9492
3.964 3.2842
4.4065 9.8995
5.8419 -6.3999
-5.2959 3.1914
-5.7655 -2.5153
-5.3684 -3.5337
0.40125 4.8261
9.7906 3.3959
3.9827 0.40526
-5.5407 -0.91622
-4.4015 -5.1145
3.3695 1.498
-1.6011 -6.9261
0.17599 5.0192
3.7044 0.38459
4.0852 -6.5535
-2.0503 11.523
-10.066 5.7355
-3.0002 11.385
0.98181 -1.5496
-5.2979 0.18084
-4.446 -3.7594
-0.25646 -7.0957
-5.6205 -2.4383
-0.47512 -7.1622
3.2136 -7.1432
6.6104 -5.4548
-4.9694 3.6576
-0.31411 -6.7555
6.3197 -6.0687
-1.7112 4.7771
10.2 3.0031
5.9587 9.585
-5.3322 -0.20641
5.6331 -6.0611
7.6401 8.4137
5.7436 -5.8765
-4.8193 3.4279
-3.7195 4.4548
4.6898 9.9522
-3.5583 3.9732
-0.63783 5.1827
-1.4918 5.6483
3.7612 10.748
8.827 -3.2817
0.42418 -1.0323
-3.0753 -5.9202
3.3413 1.8492
3.7492 1.5041
9.571 1.1512
0.68049 -0.95802
-9.1825 7.7923
-12.394 0.3917
-4.8175 2.7013
-5.05 1.1096
8.8431 6.7202
3.4739 10.403
2.268 4.892
-4.3924 -3.7919
3.3409 2.4681
-3.784 4.0315
5.8692 9.2263
2.8625 -0.40357
1.7885 4.3713
8.8629 -3.9395
-5.152 2.9671
-2.7417 -6.3723
3.378 -0.23177
2.878 11.29
-1.928 -6.2304
-4.4944 -4.6061
1.3119 -1.0249
6.3493 8.8039
3.5362 10.802
-4.7895 3.0094
9.9198 0.87925
-5.4721 0.52351
2.332 4.3285
1.8946 -0.93798
8.7665 6.7499
9.4999 5.1999
-5.5731 -0.61269
-11.412 3.241
3.4763 3.3973
-8.3681 8.9257
9.5724 3.937
-0.48787 -6.9823
-2.6439 5.2374
-10.966 4.6062
0.77592 -0.80486
3.3779 2.23
0.97814 -0.80866
2.3026 -1.0276
-5.6998 -0.33833
2.2618 4.8431
-3.8873 -5.4647
-9.5045 7.9625
3.6183 0.81083
-12.16 2.4045
-5.4327 1.1273
1.6938 4.858
0.87319 -1.5201
-4.7969 2.9373
8.9568 -2.4114
1.4176 -1.2896
3.8001 2.4784
-4.1053 4.6233
3.937 1.3049
2.3267 3.816
3.2333 -0.32997
-5.7092 0.40345
0.13212 -1.1115
-4.422 11.043
8.9285 5.656
4.2574 0.92035
1.1771 -1.7083
1.5213 11.427
0.7758 -0.76297
0.067101 -0.74939
0.51622 -1.6359
0.0061799 11.043
-6.9749 9.3438
-11.139 4.7054
-0.19734 -0.75819
-8.733 7.9743
3.2142 0.36453
3.8197 1.1501
3.467 0.55143
2.6705 -0.6358
-9.9904 6.8463
1.9338 5.0793
2.6339 -1.2228
9.7458 -0.21516
-7.6477 9.3335
2.1508 -7.5299
-5.728 1.6862
-3.6637 3.8804
-6.1416 10.129
3.4755 2.9362
5.7582 9.5175
5.3181 -6.7207
-5.747 -0.11381
5.8121 9.1807
9.9098 2.6752
-2.849 4.8507
-3.4946 5.0284
8.9561 -3.6188
1.7232 11.589
9.0054 -1.7523
-0.28575 5.5592
-6.1125 0.61053
1.0836 -1.7476
0.93455 -0.80926
1.27 -1.1857
1.9695 -1.4843
-3.55 3.744
2.3842 -0.46001
4.5806 -6.762
-5.6802 1.802
3.4565 2.1924
0.86298 -0.80381
5.4326 9.8503
-1.7813 -7.0775
6.4362 -6.1607
-1.214 5.1759
-4.3811 -4.3667
4.6706 -6.466
9.7879 2.3891
-0.44532 5.2825
2.9905 -0.86683
9.6431 0.66543
4.2156 2.2501
-1.7672 -7.352
-0.99674 -7.0559
-8.6823 7.949
3.5137 -0.046751
7.075 -5.2071
-3.6653 -5.7629
9.2013 -1.1178
6.5317 -5.7729
-3.2331 -5.3137
-4.2038 -4.0139
6.8447 9.1564
3.1978 3.4909
-3.2059 4.476
-9.8313 6.8779
6.0473 -5.8584
-1.5129 -7.0484
0.74136 11.546
10.139 2.9672
0.15661 -7.0423
7.8124 7.5529
6.9847 8.8587
2.146 -1.147
0.74488 5.3155
2.6138 -1.3241
9.9327 1.0972
3.0482 2.7159
-11.848 3.3348
-0.31545 11.897
-7.0863 10.468
11.371 0.51905
-8.9937 8.9866
0.70295 -2.4416
-0.98765 -1.0591
10.997 2.5622
-11.782 5.0222
7.524 9.1727
4.2564 2.4146
10.805 2.7355
8.19 -4.8926
-6.4992 2.6903
3.8473 -8.1376
3.1295 -1.6283
8.8568 -5.6181
-1.3068 -7.7557
4.4592 0.55119
-0.20603 6.4594
-6.3776 -3.013
-12.504 1.2179
-6.9008 10.625
3.596 4.1105
-4.3777 5.2496
-11.534 6.6277
0.64337 12.964
10.749 4.6582
10.917 -0.54823
8.9029 -4.5207
-1.1783 -7.6134
8.9089 7.4359
1.6342 5.4984
0.11532 -1.2702
-13.2 0.7375
-12.929 2.8787
1.6074 12.695
1.5716 -8.3911
1.6659 -2.234
10.251 4.0112
4.184 -7.7365
0.53635 12.831
3.2137 11.585
-4.1698 -6.0441
10.608 3.4843
7.233 9.8617
-6.3676 -0.43532
-12.744 1.161
0.624 5.6969
1.0231 -2.631
7.1597 -6.2642
-5.6044 -5.4092
10.656 -1.2479
-4.6782 4.7287
0.91147 12.632
3.7047 4.2244
-5.5812 11.723
-6.4623 -3.8782
10.917 -0.7715
-11.51 6.4023
4.2421 4.1838
2.9633 11.632
-5.7197 3.6339
-4.1399 12.387
4.2705 1.5935
-3.7867 4.7401
-0.3869 12.394
-2.0126 6.5485
3.4051 12.456
0.0051406 12.178
4.7413 11.203
2.1009 -8.4235
3.9972 5.0208
-3.9229 11.579
-5.057 4.154
3.2864 -1.3651
-1.5551 5.6683
10.469 4.4392
5.7663 -7.5421
10.848 1.0956
-3.0541 12.015
-0.091283 12.159
3.61 4.7356
-6.3721 0.2475
-5.4678 4.392
-5.3955 -4.8083
10.734 4.0819
10.86 3.6516
4.5069 1.1323
4.8206 0.30187
2.1923 -7.9691
-4.2236 5.5092
4.1299 -7.8234
4.8693 11.831
-2.9902 11.826
3.158 4.2246
9.6008 6.3749
2.6318 -1.4409
4.0983 -0.59685
0.63832 12.077
10.245 -3.2523
-4.1734 4.4188
1.9948 -1.9003
-10.949 6.729
-6.4703 1.5796
1.3029 -2.5928
-0.71717 -0.84477
4.8586 0.91859
2.8681 11.841
1.2015 -2.0333
-6.6468 -1.1892
8.0064 -5.6208
-5.1684 -5.0547
9.5744 7.1135
10.499 0.033065
3.6264 -1.0079
-0.5708 -1.2351
11.207 2.3112
4.7429 0.30697
-5.9833 11.108
-5.3737 4.1106
-3.0836 -7.4587
-6.877 0.71019
-1.427 6.1524
0.67886 6.6086
0.61438 -2.0166
-6.6715 1.2027
-0.50993 -1.3937
11.239 0.13405
-5.8212 -3.7982
9.4479 -4.8464
4.3756 2.8414
-1.0195 12.757
-6.7435 1.1936
-7.2523 10.406
5.8201 10.186
-6.0541 11.087
-13.132 2.6822
10.777 -0.46765
0.16299 -1.6173
1.4482 -2.2952
1.9936 -8.1593
2.5914 5.0866
-5.8425 -3.8608
-6.7744 10.317
4.285 -0.094616
-6.7248 1.4625
10.248 -3.1158
-9.4342 8.7684
-0.33247 -1.444
0.87897 6.1175
-5.7833 2.4926
-10.243 8.1218
-1.6908 5.9364
-1.038 -0.8082
4.0535 -0.30319
2.9762 4.9869
-12.797 3.2288
-3.7075 11.934
5.0502 2.0869
3.4289 3.6877
4.1138 -0.69871
2.9542 -8.7421
10.539 1.179
0.83307 12.233
-1.1918 6.5988
-0.055358 -1.7119
-5.3415 4.0925
4.1323 11.324
-6.1917 11.098
-6.7489 -2.2217
-5.2182 -4.6075
0.29761 6.3469
-6.4513 10.983
3.6856 4.5457
-4.3094 4.5871
-12.127 5.8188
1.5565 12.328
3.9877 3.1455
3.3472 -1.5819
-0.41658 -1.7225
-1.3235 5.9009
-11.502 6.4308
4.1659 -1.2169
4.5258 1.417
-3.2855 12.099
-5.4039 11.423
-4.8492 4.3484
-0.070588 -1.6482
-7.7572 10.289
8.2117 -5.7781
0.91256 -8.5294
-10.356 7.3155
2.4625 5.1908
4.2056 -0.53996
3.0973 -2.1064
-0.74727 -7.7487
3.3139 -0.78192
3.5723 -1.2522
-5.5293 2.9746
-5.8279 2.9445
-5.2598 3.4589
-4.6201 4.4886
10.625 1.1845
5.2128 2.0221
2.413 12.15
4.7874 0.51559
-5.4865 -5.0106
1.1493 -2.5356
-1.7053 12.46
-5.0652 4.028
-12.36 3.0499
1.6073 -8.7529
-6.5249 2.3239
-3.512 -6.2866
-2.5998 -6.9759
0.68312 -2.4108
9.26 7.2123
1.9121 -2.6852
2.1017 5.0722
4.6975 -0.22146
10.887 0.058128
4.8362 2.6005
0.97684 -1.8633
-7.1321 -0.58508
-0.194 6.0429
1.5288 12.365
10.143 4.5926
1.9756 -8.1585
-6.8789 -0.55437
-10.114 8.342
1.7804 6.184
10.528 -0.35725
4.625 1.4082
0.27121 -8.8447
4.7551 -0.27429
-5.9445 -3.7972
1.1738 -2.1675
-6.6175 -2.8301
10.58 -0.70948
9.6849 -3.3877
10.546 -2.0423
11.265 -0.87668
-2.6802 -6.9028
-2.5546 -6.684
-3.7449 -6.2238
2.1284 -2.203
-3.0162 -6.8977
-12.532 1.4396
-6.1436 10.805
1.4899 -7.9814
0.30749 12.116
-5.9067 2.6611
-2.2397 -8.1113
1.4346 6.0433
2.0753 -1.7936
8.9106 7.2218
-3.8999 11.679
-0.83864 -0.9773
-11.008 6.8715
-6.4908 -3.1073
4.7895 0.6958
5.3811 11.562
0.34377 5.742
-3.3452 -6.5415
9.6425 6.4546
6.2807 -7.2191
10.794 2.096
-2.0418 -7.7026
-3.2871 5.764
-6.7738 0.091944
3.3173 4.3575
0.4224 5.9175
1.9665 5.4191
0.71998 12.047
4.5029 2.7267
9.7786 -3.1041
9.561 -4.5946
-4.0671 11.53
-4.9466 4.3028
-5.6848 -4.2491
-4.9345 -5.7521
2.7658 -1.3131
0.33685 -1.7056
10.678 5.1617
2.0534 5.2437
5.2403 -7.6554
3.6718 -1.5414
-6.5287 0.33391
1.7317 -2.2688
0.56636 -2.4487
2.588 5.4168
-7.2834 -0.83731
3.7646 -1.7119
2.4449 -2.4567
3.559 -1.2381
10.371 4.931
6.9664 -6.1224
4.3806 -8.4031
-5.2076 4.1019
6.3544 -6.5308
-6.3837 -0.088632
-4.8071 4.7016
7.0946 9.6301
-7.89 9.8571
4.5644 2.6892
-11.29 5.6639
0.39616 -1.7714
4.515 -0.55659
7.3464 -6.1
3.0801 -2.0453
10.889 2.4223
10.061 -3.6606
3.9079 -0.071673
4.5977 1.4712
-1.6248 -7.2284
8.6215 -4.9693
2.8591 -8.6651
-0.52436 -1.415
-0.81855 -0.89811
8.4016 8.5212
-0.012626 5.7936
9.8764 -2.8192
-10.011 8.6479
10.567 -1.7991
6.3768 -7.43
-0.047412 -1.5157
-7.1268 -0.46189
-0.11982 -1.7397
-5.7313 11.02
1.9003 -2.0313
0.17345 6.4202
-3.3985 -6.7125
4.0984 2.5578
-12.233 3.5955
-5.1496 -5.3685
-12.794 3.657
-1.2897 -8.4994
0.50273 6.7554
