0.654 -0.61769
-4.2496 -0.1489
-1.5376 -0.86388
-1.119 -0.67005
0.5473 -0.86328
0.57059 0.562
1.0346 -0.11865
1.4847 -0.22659
-0.52744 -1.3165
-0.719 -2.5442
-0.62891 0.35354
-1.3881 0.94646
-1.0281 -0.53189
-1.7125 1.6516
2.1776 -1.6364
-0.44578 3.4508
1.3152 -1.1481
-1.8362 -0.46906
1.5365 -2.9281
1.747 0.39042
0.20355 2.3755
-2.1907 -3.652
0.017131 -2.1889
1.4942 3.2314
-4.4661 1.2119
2.5727 2.237
-0.24616 -1.7266
-2.2997 -1.0757
-2.5689 -0.65051
-1.3498 1.2064
3.7393 0.19009
7.4687 5.5042
-0.24262 1.6343
-5.2415 0.28454
0.90661 -3.5914
0.41262 -3.6666
0.34725 -0.94772
-1.698 0.53326
-3.3239 0.61426
2.111 -1.4932
-0.43512 -1.2009
-1.0317 -1.1536
-0.89191 -0.19302
1.71 1.8748
-2.068 1.4491
0.99086 -0.81181
1.4038 -2.8654
3.1381 4.8064
-3.4662 -1.6586
-1.523 -1.4608
-0.39772 0.012429
-1.1731 0.56349
2.5155 1.5133
0.7364 -0.37088
1.921 -2.9552
-3.4002 0.16776
0.036554 4.3575
1.9055 -0.99028
0.4113 1.3052
-0.64387 2.2416
2.4883 0.57255
-1.5696 1.2173
0.57413 2.0025
1.2967 0.15266
-0.4298 1.8171
2.2523 -0.69505
0.059944 2.7084
-2.3944 -3.2972
3.5345 0.75978
1.538 0.74154
-2.6265 -2.7767
3.8745 2.3548
2.176 3.8903
-0.98605 2.1161
-2.2195 -2.2099
3.7167 -1.1958
-0.93615 2.8856
3.4324 0.29834
0.62477 -2.281
2.0572 -0.91964
-1.273 -1.1587
-1.2528 5.266
-2.0666 -0.8611
0.46615 -0.17577
-1.9259 2.5239
1.8601 1.1731
-4.0339 0.17975
-1.2569 -1.3823
-2.0269 -2.7112
4.4144 -0.97627
-3.0921 -2.9816
-0.2559 0.076677
0.31854 -0.82461
-3.4638 -3.6738
0.84791 0.10464
-0.35903 1.3047
0.88887 -1.9564
1.3075 1.1305
-1.9599 0.40027
0.16184 1.0663
-1.3438 0.30378
1.0425 -1.3544
0.4223 -0.4662
1.3255 -0.7208
3.6824 0.16941
-0.24221 -1.2355
2.8828 -1.6016
0.039572 1.1011
-1.2023 3.1617
-1.3822 -2.1363
-1.2329 0.70301
0.12002 1.3055
1.1142 -0.020835
-0.93386 -2.1907
-1.9671 -3.1195
2.1569 0.10337
-0.68757 -2.6984
-2.2527 2.4595
1.8892 3.3424
-1.1221 -0.93199
-2.8665 0.89606
1.1907 0.10764
1.5501 3.8388
0.52306 1.205
-3.2785 -1.3697
-2.8539 2.2614
2.6228 3.3495
-1.0968 1.0346
0.40836 2.1913
-0.25671 -1.7624
-1.2027 0.75866
-0.80367 -1.1491
-0.37027 2.6847
1.6362 3.1063
0.066673 -1.0002
-0.41661 -1.8227
-1.5723 3.3742
1.0495 -1.4196
-1.8566 -0.51183
0.29219 -0.46549
-2.0186 2.2143
1.7599 3.8363
0.7094 1.2119
-0.42792 -1.9408
-0.48668 -1.4021
-0.083 -1.5259
-2.6556 0.85123
-1.7755 -3.487
1.3282 -0.8429
2.5404 -1.0228
-2.2492 0.69762
-2.4253 1.3793
0.31612 3.2033
-0.50901 0.2063
-0.27159 -1.2633
-0.7426 -0.21556
-1.2517 -1.9732
2.2262 -1.5534
0.033315 -1.4135
-2.559 -0.89946
-0.10223 1.1381
-5.1506 -4.2829
-1.5569 -1.4445
1.2448 -1.8194
-0.11544 2.0029
1.3615 -2.1256
2.7586 2.014
0.58531 2.3687
0.3884 3.8042
0.081593 -2.1896
-2.4234 0.068136
-1.1144 3.4637
-0.050393 -3.6542
1.1284 -2.2574
0.92238 0.38635
1.6256 -2.3823
-1.8432 0.434
1.433 0.63377
2.6016 -0.026729
2.695 -1.7844
-1.4872 -1.5708
2.557 0.26313
-0.40946 -3.3542
-1.1644 0.59505
-2.384 -1.3105
-1.1917 -1.7163
0.94324 -1.989
4.8516 0.3766
-0.22249 2.1694
1.1189 0.58521
1.7902 5.9017
-1.2994 0.13991
1.9554 1.2697
-0.68053 -0.77877
-2.1669 -0.65571
1.2719 -0.5074
-0.30606 1.7046
-0.40631 2.0583
0.7584 1.2824
1.7074 0.81721
-2.0805 3.9415
1.415 2.444
-2.4536 1.5268
-1.7657 2.472
-0.17566 0.14891
1.2623 -1.1033
-3.2002 -1.0505
-1.7653 -0.51282
-1.1564 -4.892
-0.82024 1.3516
-0.11872 2.5116
-0.42568 1.4012
1.9858 -2.0109
3.5221 -3.2634
0.55857 -2.4919
-3.5072 1.0689
-0.79227 0.27737
4.285 2.1809
1.4904 -0.28654
-1.7459 -0.23368
-0.62398 0.27515
-1.1855 -0.22107
1.5108 2.9076
-0.47328 0.63094
-1.1769 -0.76191
2.7025 0.81136
1.7272 -0.44403
1.2424 -0.38688
3.6167 0.2499
-0.14228 0.80357
2.1158 -0.03837
-0.21125 -0.84214
4.046 1.5622
0.10167 -0.8676
-0.86621 -0.92426
-2.3468 -5.6929
-1.9165 2.2724
1.5442 0.99158
2.5011 0.47767
-1.4158 -0.39507
0.6641 0.79108
-4.0637 -0.95579
-0.60415 1.0812
0.97252 -5.1596
1.1667 -2.0364
0.1158 -3.5122
-1.6653 -0.28143
-0.011652 -0.96516
1.3607 3.2436
-2.6806 0.054378
-2.4184 -1.3471
-1.9304 -0.7564
-0.35115 -3.2366
0.4534 -2.9569
0.028492 -1.3498
0.93489 1.1262
2.2753 0.036898
0.4398 -3.129
1.3447 -1.4793
1.5009 0.44125
-3.0662 -1.8867
-4.8256 1.4426
-3.5276 1.0231
-0.15532 1.8052
-0.35932 -1.5126
2.331 -0.55176
-1.9594 0.86459
-0.9822 -2.8755
-5.6752 -2.5519
1.5163 0.82143
1.2301 0.51151
-0.7887 1.7481
-0.42792 5.9461
2.7215 4.7869
-0.13133 -2.8881
1.5758 0.92171
1.4252 0.30723
-0.31359 -2.582
0.26508 2.3365
-0.8721 0.59795
1.3778 0.89314
-0.44203 -2.8691
-0.34702 -2.7478
2.9572 2.1545
-1.0022 -1.6311
-0.12781 0.94201
1.9343 1.846
-4.6873 -1.2581
0.046337 2.277
1.0463 2.5802
2.4469 0.090246
0.2265 -0.91299
-2.5065 -0.67882
-0.94266 1.7418
1.897 0.10018
-0.68929 -0.36881
-0.80822 -0.31398
1.9293 -1.9631
0.4152 -0.16837
0.92139 1.7939
-1.7354 2.8642
1.621 0.3959
-0.58069 0.52135
-1.8274 -2.0197
3.6536 0.6241
0.86072 2.4075
0.014392 -3.2308
0.017288 0.073186
-0.12458 -5.181
-0.96939 0.21378
-0.30817 -0.16756
-1.913 -3.2298
-2.484 0.79398
-3.6034 -1.674
-2.6534 2.1808
-0.32844 -2.2918
2.9538 0.94985
-3.5456 1.4777
1.9252 -3.6184
-3.7954 0.11338
0.55197 -1.9791
1.1635 -1.8334
1.5838 -1.8436
2.8293 0.61997
0.10365 -0.52315
4.695 0.37124
-1.8271 -0.0096083
-1.1546 2.7275
0.038282 0.98773
0.8536 -0.94502
2.2604 2.0136
-0.10142 -2.7155
0.071892 0.08158
2.1867 0.066079
-1.1555 -0.57739
-0.49536 0.54681
2.7808 0.60307
-0.68099 -0.030875
-2.3673 -2.7989
0.065607 -0.19657
3.1657 -1.9884
-0.71021 0.11225
-0.1087 0.53598
-1.6946 -3.7531
2.0396 -0.61011
-0.26847 -1.8754
-0.74688 0.71478
3.6859 0.99393
0.34835 2.2945
1.5518 2.1874
3.2339 3.9559
-0.35413 -0.56724
1.7638 4.0541
-1.192 0.55018
-1.2055 -3.9485
1.6842 -2.1033
0.33494 4.1587
3.4248 2.0524
0.24085 2.912
-2.419 0.66417
0.0091271 3.368
-0.36228 -1.3968
1.8036 -2.9398
1.5516 3.4429
2.8463 0.35688
-0.80603 1.3662
1.0683 -3.7048
2.1651 -1.9319
3.706 -2.0282
-0.80747 1.5397
0.38415 1.8534
0.29629 3.9611
4.3481 -1.1077
-1.7876 1.8255
-0.20786 0.97426
0.79041 5.6802
3.2487 6.4165
3.7588 4.1036
5.2176 6.2551
5.1392 3.8185
2.295 5.7677
3.2379 6.4195
3.4335 4.6851
2.6475 6.2273
3.2922 5.4888
2.5832 4.1635
2.0265 5.0917
4.9321 7.491
2.8116 6.8384
2.6927 6.1814
1.7418 6.0714
4.6141 4.3593
3.4618 3.2598
4.1818 3.183
3.3897 3.9219
3.0216 5.2223
5.5352 5.4056
4.4957 6.141
6.1388 3.5512
5.4979 4.2142
4.2808 6.5734
4.3472 4.9741
5.8006 6.5363
4.6657 2.4797
2.1034 4.5336
0.80516 2.8686
3.7666 2.5374
1.4712 5.351
2.3181 5.1269
1.5339 1.4555
-0.29072 5.9545
4.8055 3.905
5.2798 5.6813
2.5015 5.2583
2.6463 6.0449
3.8004 3.5712
2.9712 4.1577
2.1772 5.84
4.0043 2.8761
2.785 7.371
2.1674 4.6897
3.64 5.7559
2.9385 4.3889
1.8155 2.5214
2.5667 5.052
2.7941 6.0652
3.1527 5.1355
1.262 5.5475
2.7819 4.4219
3.9107 2.4017
3.3527 5.4487
2.2299 2.9102
3.3733 5.3617
3.225 2.963
4.4408 4.5719
4.328 1.8791
2.3425 4.7343
2.6574 3.8218
3.1774 5.8725
2.0734 5.8721
4.1315 3.5273
3.8289 5.4163
3.2889 4.7736
2.0091 5.3675
3.4783 4.8599
5.2347 5.3259
4.1283 4.6034
5.7167 4.6932
4.0341 4.612
3.9687 5.7108
2.8771 3.9964
6.1479 1.9154
3.3788 4.9818
6.3791 3.3935
3.0835 4.5058
3.8379 3.4117
5.393 6.5914
3.0227 5.8065
3.8151 5.8753
4.6172 6.0709
6.2776 4.2447
1.6575 4.7104
2.3903 5.0472
1.3359 3.41
5.5789 4.2169
2.9883 5.3806
4.7149 6.5184
3.7239 5.6698
1.8983 4.262
4.3453 3.6323
2.4654 3.2572
4.9609 5.3737
4.0213 5.9789
6.2376 1.1009
3.8888 4.555
3.8362 3.3689
3.5501 4.1836
3.1954 5.2319
5.1647 5.0855
6.4939 3.0588
1.4418 5.351
-1.5209 4.0647
5.7245 5.3081
1.765 5.866
1.2445 7.3525
4.1525 6.0852
3.6393 4.0491
2.1221 3.0621
3.1891 6.4756
2.4573 4.1755
2.5895 6.683
-0.43832 5.5578
1.8216 2.3581
4.1938 5.3102
3.2881 4.4564
3.5233 4.0085
4.3011 0.37885
1.5742 4.0195
5.5054 3.1762
1.8373 3.7463
2.1653 3.7837
5.7302 2.8454
2.6599 5.1727
4.268 4.9411
3.9666 1.6326
3.5515 4.9317
4.3106 6.5516
4.0172 3.7541
2.2358 3.3766
2.42 6.278
4.746 3.0015
3.09 4.6423
1.8205 5.9259
3.0098 1.6417
3.8544 1.494
2.4775 2.258
2.7718 4.8313
6.1854 4.4977
3.3106 4.0493
3.3903 3.1825
1.9938 4.9384
3.869 3.9146
3.6526 4.0266
5.2466 7.1034
2.315 4.3489
4.3531 1.136
3.8144 4.5477
3.6438 3.548
3.5636 4.147
5.0541 4.9974
3.2404 4.022
2.6658 4.5783
2.0413 2.7051
2.4803 5.2392
4.6244 3.6947
4.794 5.7329
3.1065 2.7515
1.9535 4.9994
5.1295 4.809
4.8395 4.083
4.475 3.5349
3.7419 6.1295
3.5911 4.5347
3.9451 4.1631
4.8974 4.2712
3.1472 1.8927
4.0148 6.4224
2.6412 4.3648
2.7191 4.6411
5.029 7.1641
4.1402 3.7023
1.949 4.0802
5.9503 4.1756
3.7196 4.068
3.8835 5.4596
4.3556 3.1695
5.3531 4.987
3.8437 6.5803
1.5295 3.2436
4.6376 6.8652
1.3327 4.8536
3.3453 4.6713
-0.13053 6.509
4.3303 5.5931
2.054 4.0985
4.1767 6.0291
5.5557 4.4868
2.9798 3.2885
2.9737 5.3049
1.1492 3.5281
2.8359 4.5875
4.739 2.1205
3.8185 4.0402
2.4233 5.2478
2.6221 2.4678
2.4421 4.7055
3.8855 3.1172
1.9584 7.3636
4.8831 2.0936
1.6315 2.9525
1.4024 5.0478
2.7758 5.7989
3.3196 5.9602
1.5976 2.4916
2.7131 5.0866
5.5252 4.0989
5.5014 5.3211
2.6536 4.8822
6.0195 3.9896
1.6926 2.8958
4.5319 4.763
3.22 4.143
3.1343 1.5951
4.6122 2.9543
3.2996 4.763
4.6134 3.6928
3.4637 5.0461
2.0603 7.7982
3.0322 4.7594
2.0847 6.0766
3.3354 6.5427
2.0216 3.039
3.097 5.0022
5.53 5.8867
3.6697 6.753
1.736 5.7167
4.0776 4.6634
2.8398 3.0363
2.6527 5.8839
3.5007 5.2442
4.3257 2.1601
1.8633 6.0257
4.0423 6.1444
4.9613 5.5206
2.8339 6.3388
0.72636 6.6866
4.94 4.6124
3.5711 3.2593
2.9799 7.1813
4.2004 5.1836
2.1725 3.3924
3.4017 2.133
1.2112 3.6447
2.3017 4.3652
4.6016 4.2379
2.5764 6.2536
3.844 8.1953
1.917 2.1309
3.4251 4.1855
3.559 5.4025
2.7988 4.3756
3.6754 6.6349
2.1003 6.8421
2.4406 3.7288
4.77 5.4715
4.636 3.5536
3.386 4.7776
3.1702 4.2869
3.3461 3.8797
2.9887 5.4937
3.7738 3.4543
2.9171 5.7187
3.7874 3.4018
3.0246 4.5341
1.8463 2.9153
2.9522 4.9679
1.9205 5.3799
3.6885 4.3014
6.3701 3.4095
5.6756 2.5466
2.045 5.9943
2.7853 4.8368
1.0137 4.6006
6.7206 6.2809
1.086 6.8598
2.9837 2.6258
3.7894 5.8295
2.4737 5.3547
0.01297 2.8715
4.2467 2.7623
2.9306 3.9316
3.7118 6.3908
2.5478 5.2797
1.9343 5.3717
1.8571 6.8557
2.1437 5.3149
4.8482 3.3659
4.7512 6.1835
4.2637 4.0199
4.2748 3.8249
1.748 4.0239
1.0768 3.4773
4.0233 6.2568
4.6015 7.3403
3.2107 3.9359
3.7627 5.596
2.5647 4.4469
3.637 6.1494
3.2361 3.274
2.1745 3.9862
1.6014 3.9388
1.2861 7.7946
3.0895 3.9577
2.547 5.1392
3.6353 2.8845
3.6622 6.5201
3.0051 5.0285
5.2174 3.6491
6.7476 4.688
1.9397 4.1964
3.6347 3.7601
6.4615 3.6529
2.5111 5.9691
4.4796 4.2323
3.9022 3.7448
5.2657 2.9368
3.4176 1.1694
7.2417 7.137
3.8852 6.7215
1.8596 3.6726
3.7351 4.9746
3.11 3.0584
5.0044 6.4704
3.7673 3.5766
3.3549 5.342
4.3677 2.7805
1.7753 5.2056
7.0033 6.0616
5.9189 1.8556
2.6304 6.0181
6.176 6.0774
3.7095 3.6148
3.264 4.8036
1.8557 4.0235
1.3582 6.8729
2.2607 4.3022
2.2354 3.4295
3.5365 4.8068
3.4 3.2212
4.5382 2.3002
3.285 3.9466
5.6594 5.0281
3.7854 6.6858
2.1055 5.8525
5.8326 2.4061
2.619 5.3624
2.9531 6.0147
4.4318 6.1576
3.7998 4.7436
2.5483 4.0055
2.8522 3.4186
2.2117 3.0155
0.38271 5.3384
3.4224 3.6626
2.7474 5.2906
1.307 3.9817
3.0263 5.9657
2.4109 5.0696
3.6404 5.2727
3.76 4.3631
4.0949 3.9594
4.0705 5.278
4.1766 3.6994
1.3352 2.9076
4.042 6.3699
3.8199 2.2846
2.9784 7.5935
6.2575 6.1461
3.1872 3.9192
2.9063 5.13
1.3312 -4.4075
3.5336 -0.50458
5.5272 -3.2779
5.7658 1.5298
7.1992 -2.1013
2.9055 -2.5465
3.5201 -0.51275
4.8127 -2.8076
3.0008 -1.4723
4.1588 -1.8026
4.2172 -4.5454
3.0361 -3.8381
4.6865 2.9968
2.7975 -0.39523
3.0783 -1.4869
2.1174 -2.7426
6.2938 -1.9206
5.7315 -4.8462
6.5588 -4.128
5.2408 -3.9672
4.0321 -2.5017
6.639 0.66138
5.0554 0.53211
8.448 -1.3378
7.341 -1.1129
4.5533 0.91272
5.6218 -1.3348
6.2217 2.6102
7.521 -4.5925
3.4671 -4.5606
3.0992 -8.4762
6.5116 -5.5448
2.2734 -4.1012
3.3298 -3.4511
4.7688 -9.6899
-0.010132 -5.2548
6.7841 -2.3602
6.1906 0.76766
3.4466 -3.0487
3.1132 -1.7388
5.9039 -4.0035
4.6408 -4.1068
2.7329 -2.5772
6.5579 -4.7786
2.4369 0.34811
3.4391 -4.26
4.369 -1.0137
4.4614 -3.8084
4.4094 -7.8165
3.6456 -3.2734
3.2604 -1.539
4.2279 -2.4768
1.9244 -4.0569
4.2713 -3.941
6.7522 -5.5759
4.2494 -1.7911
4.6157 -6.7739
4.3259 -1.8938
5.6601 -5.5504
5.9737 -1.8114
7.5296 -5.8543
3.601 -3.9934
4.5105 -4.9565
3.7955 -1.3772
2.6005 -2.6501
6.2898 -3.6858
4.785 -1.2894
4.601 -2.8457
2.8454 -3.4576
4.7522 -2.502
6.3633 0.19924
5.6158 -2.1257
7.2794 -0.1647
5.5083 -2.2218
4.753 -0.7004
4.6395 -4.4496
9.4772 -3.7045
4.5685 -2.4396
8.8064 -1.2901
4.5455 -3.4716
6.044 -4.1922
5.7461 2.2206
3.6691 -1.6515
4.4842 -0.63833
5.2305 0.57018
8.1661 -0.17006
2.8742 -4.8175
3.4577 -3.4836
3.3364 -7.0778
7.427 -1.0157
3.8973 -2.31
5.0575 1.333
4.5134 -1.042
3.4143 -5.1917
6.4558 -3.2868
4.6544 -5.9982
6.0371 -0.046916
4.6428 -0.25016
10.082 -4.7847
5.3866 -2.472
6.0688 -4.2562
5.2514 -3.402
4.2142 -2.2874
6.4374 -0.23081
9.1392 -1.6442
2.2415 -4.1352
-0.16428 -9.4186
6.9047 0.73776
2.2705 -3.0143
0.78067 -1.454
4.7186 0.055578
5.4318 -3.4947
4.4044 -6.6774
3.4323 -0.48736
4.0735 -4.6731
2.654 -0.87693
0.077279 -6.0014
4.5178 -8.0467
5.2462 -1.0232
4.7977 -3.3075
5.3315 -3.6874
8.4354 -8.0655
3.2146 -5.9175
7.996 -2.6126
3.6696 -6.0113
4.0014 -5.579
8.4454 -2.8343
3.6714 -2.9906
5.5566 -1.4739
7.292 -6.6291
4.7867 -2.3133
4.599 0.91544
6.0247 -3.488
4.3314 -6.0894
2.7229 -1.6608
7.2827 -3.7416
4.4674 -3.2658
2.2933 -2.8635
6.2505 -7.7184
7.2569 -6.9597
5.2901 -7.4364
4.0052 -3.3576
7.9086 0.091296
5.0758 -3.8732
5.7023 -5.041
3.0963 -4.0986
5.7642 -3.4255
5.4602 -3.512
5.2685 2.7959
3.8113 -4.5852
8.0198 -6.9053
5.3106 -2.5684
5.7489 -4.2176
5.2888 -3.4396
6.3725 -0.4862
5.0168 -3.9938
4.0481 -3.8475
4.5394 -7.2893
3.4354 -3.101
6.7191 -2.8745
5.6325 0.2828
5.6635 -5.9944
3.0146 -4.0564
6.5715 -0.67315
6.71 -2.0622
6.6569 -3.2787
4.2465 -0.3533
5.077 -2.8446
5.6918 -2.9766
6.6554 -1.7222
6.2428 -7.1953
4.3593 0.38681
4.1545 -4.1861
4.0667 -3.6949
4.9952 2.6334
6.1901 -3.4214
3.5825 -5.3974
7.8548 -0.64768
5.5069 -3.3748
4.8173 -1.1636
6.7554 -3.9474
6.7027 -0.15688
4.0758 0.41901
3.6497 -7.0966
4.7577 1.7479
2.4334 -4.9837
4.7258 -2.9294
-0.18228 -4.2644
5.2177 -0.45471
3.6848 -5.2498
4.7797 0.0018144
7.2337 -0.65019
5.1917 -5.36
3.9287 -2.437
3.0607 -7.1215
4.2266 -3.6381
7.8242 -5.0299
5.6313 -3.3012
3.3684 -3.1541
5.3159 -6.9648
3.7267 -3.9204
6.279 -4.5652
1.5467 -0.61529
7.9969 -4.903
3.9415 -7.402
2.3879 -4.6212
3.4066 -1.9471
3.8947 -1.0861
4.192 -8.1108
3.7825 -3.0545
7.4424 -1.249
6.6551 0.49958
3.8455 -3.42
8.0456 -0.83831
4.043 -7.4141
5.9532 -1.4287
4.9193 -3.8416
6.4143 -7.6427
7.1673 -3.9646
4.6192 -2.8487
6.7083 -2.8899
4.6204 -2.2483
1.3861 0.13364
4.3319 -3.1622
2.4854 -2.3398
3.5489 -0.22128
4.3099 -6.8268
4.2508 -2.7346
6.3335 1.3544
3.7797 0.46942
2.3322 -3.2648
5.5234 -2.0969
5.1974 -5.8878
3.2204 -1.9654
4.537 -1.9177
7.352 -5.4487
2.2774 -2.6689
4.5624 0.014566
5.946 0.16705
3.133 -1.0955
0.63472 -3.0188
6.4889 -1.1771
5.8501 -4.7211
2.7661 0.2971
5.3323 -1.1995
4.2531 -6.1392
6.3686 -6.5529
3.0551 -6.8805
3.7867 -4.5769
6.3559 -2.1114
2.9074 -1.5161
3.0696 2.7662
4.7627 -8.2669
5.1149 -3.5433
4.5015 -1.6205
4.3184 -3.9889
3.8595 0.30439
2.0253 -1.2096
4.3337 -5.3416
5.7695 -0.1247
6.8196 -3.0662
4.7037 -2.728
4.7758 -3.6898
5.22 -4.0788
3.8273 -2.1452
5.948 -4.204
3.6095 -1.9007
5.9955 -4.2647
4.4641 -3.4982
4.1973 -7.2085
4.1153 -2.9514
2.7417 -3.5416
5.3278 -3.0714
8.7867 -1.2771
8.5725 -3.3315
2.4937 -2.5053
4.0164 -3.3341
2.2457 -5.719
7.3768 3.2993
0.91611 -2.3526
5.6089 -6.3186
4.4848 -0.73449
3.3564 -2.9407
2.2398 -9.3849
6.8912 -4.6647
4.7378 -4.482
4.051 -0.0082582
3.4833 -2.9644
2.7618 -3.5376
1.7534 -1.47
3.0239 -3.3788
7.1663 -3.0943
5.3054 0.88827
6.1259 -2.8175
6.2594 -3.0882
3.4 -5.7109
3.014 -7.2785
4.4718 0.15599
4.4225 2.3967
5.0383 -4.1531
4.6014 -1.1046
4.0206 -4.155
4.1205 -0.44523
5.4783 -5.0857
3.8852 -5.2742
3.2943 -6.0035
0.55023 -0.76362
4.8936 -4.261
3.57 -3.1693
6.1531 -5.1917
3.9168 0.12247
4.1349 -2.8024
7.3895 -2.2574
8.3986 1.0157
3.5 -5.2393
5.607 -3.92
8.734 -0.81816
3.014 -2.0046
6.2273 -2.2601
5.906 -3.6339
7.8857 -3.2368
6.9863 -7.9348
7.4075 5.1439
4.0326 0.67211
3.7398 -6.0928
4.9587 -2.0394
5.4761 -5.5442
5.4007 1.5969
5.8648 -4.0338
4.3183 -1.9437
7.0109 -4.4987
2.6931 -3.9623
7.8195 3.3064
9.2665 -4.0552
3.1126 -1.7962
6.914 2.376
5.7784 -4.0449
4.5553 -2.8308
3.5169 -5.5873
1.2027 -2.02
3.7816 -4.7156
4.2981 -6.013
4.8483 -2.5122
5.6886 -4.9736
7.4948 -5.0003
5.1121 -4.052
7.0087 0.25583
3.9469 0.50517
2.6475 -2.6417
8.83 -3.3547
3.5088 -2.762
3.4641 -1.4291
4.9759 0.48256
5.1728 -2.3004
4.2779 -4.8153
4.9726 -5.318
4.5304 -6.6419
1.1028 -5.374
5.4378 -4.3063
3.6925 -2.7185
2.9489 -6.2804
3.5738 -1.4161
3.466 -3.4273
4.6704 -1.7153
5.3668 -2.8992
5.981 -3.1
5.1328 -1.2121
6.2314 -3.3838
3.6487 -7.8087
4.4215 0.34182
6.7268 -5.8508
2.5075 0.89426
6.9594 2.5697
5.0233 -4.2044
3.9647 -2.7686
