0.79041 5.6802
3.2487 6.4165
3.7588 4.1036
5.2176 6.2551
5.1392 3.8185
2.295 5.7677
3.2379 6.4195
3.4335 4.6851
2.6475 6.2273
3.2922 5.4888
2.5832 4.1635
2.0265 5.0917
4.9321 7.491
2.8116 6.8384
2.6927 6.1814
1.7418 6.0714
4.6141 4.3593
3.4618 3.2598
4.1818 3.183
3.3897 3.9219
3.0216 5.2223
5.5352 5.4056
4.4957 6.141
6.1388 3.5512
5.4979 4.2142
4.2808 6.5734
4.3472 4.9741
5.8006 6.5363
4.6657 2.4797
2.1034 4.5336
0.80516 2.8686
3.7666 2.5374
1.4712 5.351
2.3181 5.1269
1.5339 1.4555
-0.29072 5.9545
4.8055 3.905
5.2798 5.6813
2.5015 5.2583
2.6463 6.0449
3.8004 3.5712
2.9712 4.1577
2.1772 5.84
4.0043 2.8761
2.785 7.371
2.1674 4.6897
3.64 5.7559
2.9385 4.3889
1.8155 2.5214
2.5667 5.052
2.7941 6.0652
3.1527 5.1355
1.262 5.5475
2.7819 4.4219
3.9107 2.4017
3.3527 5.4487
2.2299 2.9102
3.3733 5.3617
3.225 2.963
4.4408 4.5719
4.328 1.8791
2.3425 4.7343
2.6574 3.8218
3.1774 5.8725
2.0734 5.8721
4.1315 3.5273
3.8289 5.4163
3.2889 4.7736
2.0091 5.3675
3.4783 4.8599
5.2347 5.3259
4.1283 4.6034
5.7167 4.6932
4.0341 4.612
3.9687 5.7108
2.8771 3.9964
6.1479 1.9154
3.3788 4.9818
6.3791 3.3935
3.0835 4.5058
3.8379 3.4117
5.393 6.5914
3.0227 5.8065
3.8151 5.8753
4.6172 6.0709
6.2776 4.2447
1.6575 4.7104
2.3903 5.0472
1.3359 3.41
5.5789 4.2169
2.9883 5.3806
4.7149 6.5184
3.7239 5.6698
1.8983 4.262
4.3453 3.6323
2.4654 3.2572
4.9609 5.3737
4.0213 5.9789
6.2376 1.1009
3.8888 4.555
3.8362 3.3689
3.5501 4.1836
3.1954 5.2319
5.1647 5.0855
6.4939 3.0588
1.4418 5.351
-1.5209 4.0647
5.7245 5.3081
1.765 5.866
1.2445 7.3525
4.1525 6.0852
3.6393 4.0491
2.1221 3.0621
3.1891 6.4756
2.4573 4.1755
2.5895 6.683
-0.43832 5.5578
1.8216 2.3581
4.1938 5.3102
3.2881 4.4564
3.5233 4.0085
4.3011 0.37885
1.5742 4.0195
5.5054 3.1762
1.8373 3.7463
2.1653 3.7837
5.7302 2.8454
2.6599 5.1727
4.268 4.9411
3.9666 1.6326
3.5515 4.9317
4.3106 6.5516
4.0172 3.7541
2.2358 3.3766
2.42 6.278
4.746 3.0015
3.09 4.6423
1.8205 5.9259
3.0098 1.6417
3.8544 1.494
2.4775 2.258
2.7718 4.8313
6.1854 4.4977
3.3106 4.0493
3.3903 3.1825
1.9938 4.9384
3.869 3.9146
3.6526 4.0266
5.2466 7.1034
2.315 4.3489
4.3531 1.136
3.8144 4.5477
3.6438 3.548
3.5636 4.147
5.0541 4.9974
3.2404 4.022
2.6658 4.5783
2.0413 2.7051
2.4803 5.2392
4.6244 3.6947
4.794 5.7329
3.1065 2.7515
1.9535 4.9994
5.1295 4.809
4.8395 4.083
4.475 3.5349
3.7419 6.1295
3.5911 4.5347
3.9451 4.1631
4.8974 4.2712
3.1472 1.8927
4.0148 6.4224
2.6412 4.3648
2.7191 4.6411
5.029 7.1641
4.1402 3.7023
1.949 4.0802
5.9503 4.1756
3.7196 4.068
3.8835 5.4596
4.3556 3.1695
5.3531 4.987
3.8437 6.5803
1.5295 3.2436
4.6376 6.8652
1.3327 4.8536
3.3453 4.6713
-0.13053 6.509
4.3303 5.5931
2.054 4.0985
4.1767 6.0291
5.5557 4.4868
2.9798 3.2885
2.9737 5.3049
1.1492 3.5281
2.8359 4.5875
4.739 2.1205
3.8185 4.0402
2.4233 5.2478
2.6221 2.4678
2.4421 4.7055
3.8855 3.1172
1.9584 7.3636
4.8831 2.0936
1.6315 2.9525
1.4024 5.0478
2.7758 5.7989
3.3196 5.9602
1.5976 2.4916
2.7131 5.0866
5.5252 4.0989
5.5014 5.3211
2.6536 4.8822
6.0195 3.9896
1.6926 2.8958
4.5319 4.763
3.22 4.143
3.1343 1.5951
4.6122 2.9543
3.2996 4.763
4.6134 3.6928
3.4637 5.0461
2.0603 7.7982
3.0322 4.7594
2.0847 6.0766
3.3354 6.5427
2.0216 3.039
3.097 5.0022
5.53 5.8867
3.6697 6.753
1.736 5.7167
4.0776 4.6634
2.8398 3.0363
2.6527 5.8839
3.5007 5.2442
4.3257 2.1601
1.8633 6.0257
4.0423 6.1444
4.9613 5.5206
2.8339 6.3388
0.72636 6.6866
4.94 4.6124
3.5711 3.2593
2.9799 7.1813
4.2004 5.1836
2.1725 3.3924
3.4017 2.133
1.2112 3.6447
2.3017 4.3652
4.6016 4.2379
2.5764 6.2536
3.844 8.1953
1.917 2.1309
3.4251 4.1855
3.559 5.4025
2.7988 4.3756
3.6754 6.6349
2.1003 6.8421
2.4406 3.7288
4.77 5.4715
4.636 3.5536
3.386 4.7776
3.1702 4.2869
3.3461 3.8797
2.9887 5.4937
3.7738 3.4543
2.9171 5.7187
3.7874 3.4018
3.0246 4.5341
1.8463 2.9153
2.9522 4.9679
1.9205 5.3799
3.6885 4.3014
6.3701 3.4095
5.6756 2.5466
2.045 5.9943
2.7853 4.8368
1.0137 4.6006
6.7206 6.2809
1.086 6.8598
2.9837 2.6258
3.7894 5.8295
2.4737 5.3547
0.01297 2.8715
4.2467 2.7623
2.9306 3.9316
3.7118 6.3908
2.5478 5.2797
1.9343 5.3717
1.8571 6.8557
2.1437 5.3149
4.8482 3.3659
4.7512 6.1835
4.2637 4.0199
4.2748 3.8249
1.748 4.0239
1.0768 3.4773
4.0233 6.2568
4.6015 7.3403
3.2107 3.9359
3.7627 5.596
2.5647 4.4469
3.637 6.1494
3.2361 3.274
2.1745 3.9862
1.6014 3.9388
1.2861 7.7946
3.0895 3.9577
2.547 5.1392
3.6353 2.8845
3.6622 6.5201
3.0051 5.0285
5.2174 3.6491
6.7476 4.688
1.9397 4.1964
3.6347 3.7601
6.4615 3.6529
2.5111 5.9691
4.4796 4.2323
3.9022 3.7448
5.2657 2.9368
3.4176 1.1694
7.2417 7.137
3.8852 6.7215
1.8596 3.6726
3.7351 4.9746
3.11 3.0584
5.0044 6.4704
3.7673 3.5766
3.3549 5.342
4.3677 2.7805
1.7753 5.2056
7.0033 6.0616
5.9189 1.8556
2.6304 6.0181
6.176 6.0774
3.7095 3.6148
3.264 4.8036
1.8557 4.0235
1.3582 6.8729
2.2607 4.3022
2.2354 3.4295
3.5365 4.8068
3.4 3.2212
4.5382 2.3002
3.285 3.9466
5.6594 5.0281
3.7854 6.6858
2.1055 5.8525
5.8326 2.4061
2.619 5.3624
2.9531 6.0147
4.4318 6.1576
3.7998 4.7436
2.5483 4.0055
2.8522 3.4186
2.2117 3.0155
0.38271 5.3384
3.4224 3.6626
2.7474 5.2906
1.307 3.9817
3.0263 5.9657
2.4109 5.0696
3.6404 5.2727
3.76 4.3631
4.0949 3.9594
4.0705 5.278
4.1766 3.6994
1.3352 2.9076
4.042 6.3699
3.8199 2.2846
2.9784 7.5935
6.2575 6.1461
3.1872 3.9192
2.9063 5.13
