1.3312 -4.4075
3.5336 -0.50458
5.5272 -3.2779
5.7658 1.5298
7.1992 -2.1013
2.9055 -2.5465
3.5201 -0.51275
4.8127 -2.8076
3.0008 -1.4723
4.1588 -1.8026
4.2172 -4.5454
3.0361 -3.8381
4.6865 2.9968
2.7975 -0.39523
3.0783 -1.4869
2.1174 -2.7426
6.2938 -1.9206
5.7315 -4.8462
6.5588 -4.128
5.2408 -3.9672
4.0321 -2.5017
6.639 0.66138
5.0554 0.53211
8.448 -1.3378
7.341 -1.1129
4.5533 0.91272
5.6218 -1.3348
6.2217 2.6102
7.521 -4.5925
3.4671 -4.5606
3.0992 -8.4762
6.5116 -5.5448
2.2734 -4.1012
3.3298 -3.4511
4.7688 -9.6899
-0.010132 -5.2548
6.7841 -2.3602
6.1906 0.76766
3.4466 -3.0487
3.1132 -1.7388
5.9039 -4.0035
4.6408 -4.1068
2.7329 -2.5772
6.5579 -4.7786
2.4369 0.34811
3.4391 -4.26
4.369 -1.0137
4.4614 -3.8084
4.4094 -7.8165
3.6456 -3.2734
3.2604 -1.539
4.2279 -2.4768
1.9244 -4.0569
4.2713 -3.941
6.7522 -5.5759
4.2494 -1.7911
4.6157 -6.7739
4.3259 -1.8938
5.6601 -5.5504
5.9737 -1.8114
7.5296 -5.8543
3.601 -3.9934
4.5105 -4.9565
3.7955 -1.3772
2.6005 -2.6501
6.2898 -3.6858
4.785 -1.2894
4.601 -2.8457
2.8454 -3.4576
4.7522 -2.502
6.3633 0.19924
5.6158 -2.1257
7.2794 -0.1647
5.5083 -2.2218
4.753 -0.7004
4.6395 -4.4496
9.4772 -3.7045
4.5685 -2.4396
8.8064 -1.2901
4.5455 -3.4716
6.044 -4.1922
5.7461 2.2206
3.6691 -1.6515
4.4842 -0.63833
5.2305 0.57018
8.1661 -0.17006
2.8742 -4.8175
3.4577 -3.4836
3.3364 -7.0778
7.427 -1.0157
3.8973 -2.31
5.0575 1.333
4.5134 -1.042
3.4143 -5.1917
6.4558 -3.2868
4.6544 -5.9982
6.0371 -0.046916
4.6428 -0.25016
10.082 -4.7847
5.3866 -2.472
6.0688 -4.2562
5.2514 -3.402
4.2142 -2.2874
6.4374 -0.23081
9.1392 -1.6442
2.2415 -4.1352
-0.16428 -9.4186
6.9047 0.73776
2.2705 -3.0143
0.78067 -1.454
4.7186 0.055578
5.4318 -3.4947
4.4044 -6.6774
3.4323 -0.48736
4.0735 -4.6731
2.654 -0.87693
0.077279 -6.0014
4.5178 -8.0467
5.2462 -1.0232
4.7977 -3.3075
5.3315 -3.6874
8.4354 -8.0655
3.2146 -5.9175
7.996 -2.6126
3.6696 -6.0113
4.0014 -5.579
8.4454 -2.8343
3.6714 -2.9906
5.5566 -1.4739
7.292 -6.6291
4.7867 -2.3133
4.599 0.91544
6.0247 -3.488
4.3314 -6.0894
2.7229 -1.6608
7.2827 -3.7416
4.4674 -3.2658
2.2933 -2.8635
6.2505 -7.7184
7.2569 -6.9597
5.2901 -7.4364
4.0052 -3.3576
7.9086 0.091296
5.0758 -3.8732
5.7023 -5.041
3.0963 -4.0986
5.7642 -3.4255
5.4602 -3.512
5.2685 2.7959
3.8113 -4.5852
8.0198 -6.9053
5.3106 -2.5684
5.7489 -4.2176
5.2888 -3.4396
6.3725 -0.4862
5.0168 -3.9938
4.0481 -3.8475
4.5394 -7.2893
3.4354 -3.101
6.7191 -2.8745
5.6325 0.2828
5.6635 -5.9944
3.0146 -4.0564
6.5715 -0.67315
6.71 -2.0622
6.6569 -3.2787
4.2465 -0.3533
5.077 -2.8446
5.6918 -2.9766
6.6554 -1.7222
6.2428 -7.1953
4.3593 0.38681
4.1545 -4.1861
4.0667 -3.6949
4.9952 2.6334
6.1901 -3.4214
3.5825 -5.3974
7.8548 -0.64768
5.5069 -3.3748
4.8173 -1.1636
6.7554 -3.9474
6.7027 -0.15688
4.0758 0.41901
3.6497 -7.0966
4.7577 1.7479
2.4334 -4.9837
4.7258 -2.9294
-0.18228 -4.2644
5.2177 -0.45471
3.6848 -5.2498
4.7797 0.0018144
7.2337 -0.65019
5.1917 -5.36
3.9287 -2.437
3.0607 -7.1215
4.2266 -3.6381
7.8242 -5.0299
5.6313 -3.3012
3.3684 -3.1541
5.3159 -6.9648
3.7267 -3.9204
6.279 -4.5652
1.5467 -0.61529
7.9969 -4.903
3.9415 -7.402
2.3879 -4.6212
3.4066 -1.9471
3.8947 -1.0861
4.192 -8.1108
3.7825 -3.0545
7.4424 -1.249
6.6551 0.49958
3.8455 -3.42
8.0456 -0.83831
4.043 -7.4141
5.9532 -1.4287
4.9193 -3.8416
6.4143 -7.6427
7.1673 -3.9646
4.6192 -2.8487
6.7083 -2.8899
4.6204 -2.2483
1.3861 0.13364
4.3319 -3.1622
2.4854 -2.3398
3.5489 -0.22128
4.3099 -6.8268
4.2508 -2.7346
6.3335 1.3544
3.7797 0.46942
2.3322 -3.2648
5.5234 -2.0969
5.1974 -5.8878
3.2204 -1.9654
4.537 -1.9177
7.352 -5.4487
2.2774 -2.6689
4.5624 0.014566
5.946 0.16705
3.133 -1.0955
0.63472 -3.0188
6.4889 -1.1771
5.8501 -4.7211
2.7661 0.2971
5.3323 -1.1995
4.2531 -6.1392
6.3686 -6.5529
3.0551 -6.8805
3.7867 -4.5769
6.3559 -2.1114
2.9074 -1.5161
3.0696 2.7662
4.7627 -8.2669
5.1149 -3.5433
4.5015 -1.6205
4.3184 -3.9889
3.8595 0.30439
2.0253 -1.2096
4.3337 -5.3416
5.7695 -0.1247
6.8196 -3.0662
4.7037 -2.728
4.7758 -3.6898
5.22 -4.0788
3.8273 -2.1452
5.948 -4.204
3.6095 -1.9007
5.9955 -4.2647
4.4641 -3.4982
4.1973 -7.2085
4.1153 -2.9514
2.7417 -3.5416
5.3278 -3.0714
8.7867 -1.2771
8.5725 -3.3315
2.4937 -2.5053
4.0164 -3.3341
2.2457 -5.719
7.3768 3.2993
0.91611 -2.3526
5.6089 -6.3186
4.4848 -0.73449
3.3564 -2.9407
2.2398 -9.3849
6.8912 -4.6647
4.7378 -4.482
4.051 -0.0082582
3.4833 -2.9644
2.7618 -3.5376
1.7534 -1.47
3.0239 -3.3788
7.1663 -3.0943
5.3054 0.88827
6.1259 -2.8175
6.2594 -3.0882
3.4 -5.7109
3.014 -7.2785
4.4718 0.15599
4.4225 2.3967
5.0383 -4.1531
4.6014 -1.1046
4.0206 -4.155
4.1205 -0.44523
5.4783 -5.0857
3.8852 -5.2742
3.2943 -6.0035
0.55023 -0.76362
4.8936 -4.261
3.57 -3.1693
6.1531 -5.1917
3.9168 0.12247
4.1349 -2.8024
7.3895 -2.2574
8.3986 1.0157
3.5 -5.2393
5.607 -3.92
8.734 -0.81816
3.014 -2.0046
6.2273 -2.2601
5.906 -3.6339
7.8857 -3.2368
6.9863 -7.9348
7.4075 5.1439
4.0326 0.67211
3.7398 -6.0928
4.9587 -2.0394
5.4761 -5.5442
5.4007 1.5969
5.8648 -4.0338
4.3183 -1.9437
7.0109 -4.4987
2.6931 -3.9623
7.8195 3.3064
9.2665 -4.0552
3.1126 -1.7962
6.914 2.376
5.7784 -4.0449
4.5553 -2.8308
3.5169 -5.5873
1.2027 -2.02
3.7816 -4.7156
4.2981 -6.013
4.8483 -2.5122
5.6886 -4.9736
7.4948 -5.0003
5.1121 -4.052
7.0087 0.25583
3.9469 0.50517
2.6475 -2.6417
8.83 -3.3547
3.5088 -2.762
3.4641 -1.4291
4.9759 0.48256
5.1728 -2.3004
4.2779 -4.8153
4.9726 -5.318
4.5304 -6.6419
1.1028 -5.374
5.4378 -4.3063
3.6925 -2.7185
2.9489 -6.2804
3.5738 -1.4161
3.466 -3.4273
4.6704 -1.7153
5.3668 -2.8992
5.981 -3.1
5.1328 -1.2121
6.2314 -3.3838
3.6487 -7.8087
4.4215 0.34182
6.7268 -5.8508
2.5075 0.89426
6.9594 2.5697
5.0233 -4.2044
3.9647 -2.7686
2.0671 -5.1121
5.7646 -4.917
4.9969 -0.58074
5.5708 -1.9906
4.8546 -3.6539
6.1862 -4.0419
0.41986 0.46139
3.561 -4.1845
3.5487 -3.8621
4.9456 -5.756
5.635 -2.412
5.1616 -1.2429
7.3251 1.8361
5.9866 -3.7784
3.8885 -5.9118
9.1448 -2.4064
2.1198 -2.6087
3.9505 0.087597
4.9102 -0.47619
2.9015 -1.9305
5.3318 -7.277
4.7086 -3.0315
4.6223 -0.87896
4.068 -3.9231
6.4556 -3.5477
4.9255 0.76223
5.081 -2.7124
3.1321 -2.4373
5.4066 -0.14748
2.8995 -0.28787
4.2499 -5.1026
3.8332 -3.2173
3.0069 -2.6273
3.3729 -4.11
3.9949 1.9801
3.1567 -7.3974
5.8462 -3.7673
5.1172 -3.8688
6.6499 -5.0928
5.857 -1.9627
5.6282 -3.8736
2.7991 -5.1835
-0.48401 -11.051
7.566 -1.2472
4.7492 -1.7551
0.35477 -0.77451
3.1683 -3.2569
6.8498 -5.2555
11.436 -6.82
5.416 -1.6925
4.9729 -2.2392
5.9232 0.26332
4.7035 -5.1283
8.5653 3.3191
4.7434 -6.5011
6.9016 -0.38793
4.9776 -3.7878
6.0501 -5.1018
6.9549 -0.95397
3.8659 -3.5761
3.4467 0.45374
5.1923 -4.4492
5.5103 -1.0973
5.8494 -2.0113
2.8532 -6.2788
4.2031 -5.2948
2.6553 -0.94867
3.919 -3.5289
4.3818 -4.5899
3.1816 -2.9656
5.526 -5.2912
6.8919 -1.3737
1.9801 -5.2149
4.9135 -1.8025
5.8475 -2.3362
1.9189 -0.84103
3.8616 -0.072459
3.8006 -1.1456
5.3468 1.4517
5.5868 -8.9753
5.7764 -2.3019
4.9084 -1.7042
5.0043 -4.7579
7.8058 -0.6191
2.6319 -5.4323
1.9196 -4.4657
3.1915 -2.6248
5.4165 -0.8235
0.32255 -3.9845
6.0158 -4.8549
4.4164 2.7186
1.194 -3.4822
5.9712 -3.9601
6.8448 1.2048
4.0136 -3.059
7.4629 -5.7028
2.1471 1.7692
6.3249 -3.642
3.0472 -6.1345
4.8884 -5.1997
3.9707 -4.6926
1.9899 -6.3448
4.4405 -4.4402
3.8247 -2.1052
4.8227 -4.2711
4.5128 -6.508
5.9305 1.5994
6.8433 -6.2455
5.1493 -9.6549
3.367 -0.47112
2.7733 -6.997
6.9495 -1.3514
4.7906 -3.167
3.4534 0.34722
5.8081 -1.2538
3.5058 -6.6771
8.0081 -0.17093
4.5983 -1.847
4.9686 0.57656
4.8366 -4.5186
4.5845 -6.85
6.2345 -4.7897
5.9742 -1.5572
3.7849 -1.3223
6.07 -1.0563
