0.654 -0.61769
-4.2496 -0.1489
-1.5376 -0.86388
-1.119 -0.67005
0.5473 -0.86328
0.57059 0.562
1.0346 -0.11865
1.4847 -0.22659
-0.52744 -1.3165
-0.719 -2.5442
-0.62891 0.35354
-1.3881 0.94646
-1.0281 -0.53189
-1.7125 1.6516
2.1776 -1.6364
-0.44578 3.4508
1.3152 -1.1481
-1.8362 -0.46906
1.5365 -2.9281
1.747 0.39042
0.20355 2.3755
-2.1907 -3.652
0.017131 -2.1889
1.4942 3.2314
-4.4661 1.2119
2.5727 2.237
-0.24616 -1.7266
-2.2997 -1.0757
-2.5689 -0.65051
-1.3498 1.2064
3.7393 0.19009
7.4687 5.5042
-0.24262 1.6343
-5.2415 0.28454
0.90661 -3.5914
0.41262 -3.6666
0.34725 -0.94772
-1.698 0.53326
-3.3239 0.61426
2.111 -1.4932
-0.43512 -1.2009
-1.0317 -1.1536
-0.89191 -0.19302
1.71 1.8748
-2.068 1.4491
0.99086 -0.81181
1.4038 -2.8654
3.1381 4.8064
-3.4662 -1.6586
-1.523 -1.4608
-0.39772 0.012429
-1.1731 0.56349
2.5155 1.5133
0.7364 -0.37088
1.921 -2.9552
-3.4002 0.16776
0.036554 4.3575
1.9055 -0.99028
0.4113 1.3052
-0.64387 2.2416
2.4883 0.57255
-1.5696 1.2173
0.57413 2.0025
1.2967 0.15266
-0.4298 1.8171
2.2523 -0.69505
0.059944 2.7084
-2.3944 -3.2972
3.5345 0.75978
1.538 0.74154
-2.6265 -2.7767
3.8745 2.3548
2.176 3.8903
-0.98605 2.1161
-2.2195 -2.2099
3.7167 -1.1958
-0.93615 2.8856
3.4324 0.29834
0.62477 -2.281
2.0572 -0.91964
-1.273 -1.1587
-1.2528 5.266
-2.0666 -0.8611
0.46615 -0.17577
-1.9259 2.5239
1.8601 1.1731
-4.0339 0.17975
-1.2569 -1.3823
-2.0269 -2.7112
4.4144 -0.97627
-3.0921 -2.9816
-0.2559 0.076677
0.31854 -0.82461
-3.4638 -3.6738
0.84791 0.10464
-0.35903 1.3047
0.88887 -1.9564
1.3075 1.1305
-1.9599 0.40027
0.16184 1.0663
-1.3438 0.30378
1.0425 -1.3544
0.4223 -0.4662
1.3255 -0.7208
3.6824 0.16941
-0.24221 -1.2355
2.8828 -1.6016
0.039572 1.1011
-1.2023 3.1617
-1.3822 -2.1363
-1.2329 0.70301
0.12002 1.3055
1.1142 -0.020835
-0.93386 -2.1907
-1.9671 -3.1195
2.1569 0.10337
-0.68757 -2.6984
-2.2527 2.4595
1.8892 3.3424
-1.1221 -0.93199
-2.8665 0.89606
1.1907 0.10764
1.5501 3.8388
0.52306 1.205
-3.2785 -1.3697
-2.8539 2.2614
2.6228 3.3495
-1.0968 1.0346
0.40836 2.1913
-0.25671 -1.7624
-1.2027 0.75866
-0.80367 -1.1491
-0.37027 2.6847
1.6362 3.1063
0.066673 -1.0002
-0.41661 -1.8227
-1.5723 3.3742
1.0495 -1.4196
-1.8566 -0.51183
0.29219 -0.46549
-2.0186 2.2143
1.7599 3.8363
0.7094 1.2119
-0.42792 -1.9408
-0.48668 -1.4021
-0.083 -1.5259
-2.6556 0.85123
-1.7755 -3.487
1.3282 -0.8429
2.5404 -1.0228
-2.2492 0.69762
-2.4253 1.3793
0.31612 3.2033
-0.50901 0.2063
-0.27159 -1.2633
-0.7426 -0.21556
-1.2517 -1.9732
2.2262 -1.5534
0.033315 -1.4135
-2.559 -0.89946
-0.10223 1.1381
-5.1506 -4.2829
-1.5569 -1.4445
1.2448 -1.8194
-0.11544 2.0029
1.3615 -2.1256
2.7586 2.014
0.58531 2.3687
0.3884 3.8042
0.081593 -2.1896
-2.4234 0.068136
-1.1144 3.4637
-0.050393 -3.6542
1.1284 -2.2574
0.92238 0.38635
1.6256 -2.3823
-1.8432 0.434
1.433 0.63377
2.6016 -0.026729
2.695 -1.7844
-1.4872 -1.5708
2.557 0.26313
-0.40946 -3.3542
-1.1644 0.59505
-2.384 -1.3105
-1.1917 -1.7163
0.94324 -1.989
4.8516 0.3766
-0.22249 2.1694
1.1189 0.58521
1.7902 5.9017
-1.2994 0.13991
1.9554 1.2697
-0.68053 -0.77877
-2.1669 -0.65571
1.2719 -0.5074
-0.30606 1.7046
-0.40631 2.0583
0.7584 1.2824
1.7074 0.81721
-2.0805 3.9415
1.415 2.444
-2.4536 1.5268
-1.7657 2.472
-0.17566 0.14891
1.2623 -1.1033
-3.2002 -1.0505
-1.7653 -0.51282
-1.1564 -4.892
-0.82024 1.3516
-0.11872 2.5116
-0.42568 1.4012
1.9858 -2.0109
3.5221 -3.2634
0.55857 -2.4919
-3.5072 1.0689
-0.79227 0.27737
4.285 2.1809
1.4904 -0.28654
-1.7459 -0.23368
-0.62398 0.27515
-1.1855 -0.22107
1.5108 2.9076
-0.47328 0.63094
-1.1769 -0.76191
2.7025 0.81136
1.7272 -0.44403
1.2424 -0.38688
3.6167 0.2499
-0.14228 0.80357
2.1158 -0.03837
-0.21125 -0.84214
4.046 1.5622
0.10167 -0.8676
-0.86621 -0.92426
-2.3468 -5.6929
-1.9165 2.2724
1.5442 0.99158
2.5011 0.47767
-1.4158 -0.39507
0.6641 0.79108
-4.0637 -0.95579
-0.60415 1.0812
0.97252 -5.1596
1.1667 -2.0364
0.1158 -3.5122
-1.6653 -0.28143
-0.011652 -0.96516
1.3607 3.2436
-2.6806 0.054378
-2.4184 -1.3471
-1.9304 -0.7564
-0.35115 -3.2366
0.4534 -2.9569
0.028492 -1.3498
0.93489 1.1262
2.2753 0.036898
0.4398 -3.129
1.3447 -1.4793
1.5009 0.44125
-3.0662 -1.8867
-4.8256 1.4426
-3.5276 1.0231
-0.15532 1.8052
-0.35932 -1.5126
2.331 -0.55176
-1.9594 0.86459
-0.9822 -2.8755
-5.6752 -2.5519
1.5163 0.82143
1.2301 0.51151
-0.7887 1.7481
-0.42792 5.9461
2.7215 4.7869
-0.13133 -2.8881
1.5758 0.92171
1.4252 0.30723
-0.31359 -2.582
0.26508 2.3365
-0.8721 0.59795
1.3778 0.89314
-0.44203 -2.8691
-0.34702 -2.7478
2.9572 2.1545
-1.0022 -1.6311
-0.12781 0.94201
1.9343 1.846
-4.6873 -1.2581
0.046337 2.277
1.0463 2.5802
2.4469 0.090246
0.2265 -0.91299
-2.5065 -0.67882
-0.94266 1.7418
1.897 0.10018
-0.68929 -0.36881
-0.80822 -0.31398
1.9293 -1.9631
0.4152 -0.16837
0.92139 1.7939
-1.7354 2.8642
1.621 0.3959
-0.58069 0.52135
-1.8274 -2.0197
3.6536 0.6241
0.86072 2.4075
0.014392 -3.2308
0.017288 0.073186
-0.12458 -5.181
-0.96939 0.21378
-0.30817 -0.16756
-1.913 -3.2298
-2.484 0.79398
-3.6034 -1.674
-2.6534 2.1808
-0.32844 -2.2918
2.9538 0.94985
-3.5456 1.4777
1.9252 -3.6184
-3.7954 0.11338
0.55197 -1.9791
1.1635 -1.8334
1.5838 -1.8436
2.8293 0.61997
0.10365 -0.52315
4.695 0.37124
-1.8271 -0.0096083
-1.1546 2.7275
0.038282 0.98773
0.8536 -0.94502
2.2604 2.0136
-0.10142 -2.7155
0.071892 0.08158
2.1867 0.066079
-1.1555 -0.57739
-0.49536 0.54681
2.7808 0.60307
-0.68099 -0.030875
-2.3673 -2.7989
0.065607 -0.19657
3.1657 -1.9884
-0.71021 0.11225
-0.1087 0.53598
-1.6946 -3.7531
2.0396 -0.61011
-0.26847 -1.8754
-0.74688 0.71478
3.6859 0.99393
0.34835 2.2945
1.5518 2.1874
3.2339 3.9559
-0.35413 -0.56724
1.7638 4.0541
-1.192 0.55018
-1.2055 -3.9485
1.6842 -2.1033
0.33494 4.1587
3.4248 2.0524
0.24085 2.912
-2.419 0.66417
0.0091271 3.368
-0.36228 -1.3968
1.8036 -2.9398
1.5516 3.4429
2.8463 0.35688
-0.80603 1.3662
1.0683 -3.7048
2.1651 -1.9319
3.706 -2.0282
-0.80747 1.5397
0.38415 1.8534
0.29629 3.9611
4.3481 -1.1077
-1.7876 1.8255
-0.20786 0.97426
