13.008 2.2839
17.088 0.82277
9.8434 3.9585
18.097 -0.63715
14.946 -0.049254
14.047 1.3568
15.747 3.6006
16.202 -0.067367
22.622 -1.5412
11.277 1.7
19.177 0.38798
14.809 1.6337
15.872 -0.55934
16.303 0.90132
18.248 -0.52203
17.057 0.24192
19.136 -0.92384
17.642 -2.2422
18.913 0.92037
14.917 0.21426
14.198 -0.68212
17.002 -3.9721
18.705 -2.0255
15.061 -1.8247
16.439 0.39334
20.66 -1.329
18.325 -0.59793
13.521 -0.65267
15.5 0.43841
18.169 0.90617
11.865 0.3971
16.283 0.78515
18.676 -2.1615
11.223 1.624
11.229 1.9924
18.298 -3.022
16.871 2.1453
7.1097 3.8567
13.446 0.42698
14.264 2.952
13.771 1.6969
23.605 -2.227
15.881 0.030704
15.262 0.72505
18.449 -3.3015
15.945 -0.99775
11.545 2.6229
16.337 -1.8328
15.78 -0.72227
22.599 -1.449
14.862 -0.76944
18.6 -0.74086
17.941 0.25444
16.098 2.2201
18.262 -1.5111
18.641 1.2156
16.151 0.40988
17.023 -0.2874
14.965 -1.3424
19.168 -1.7715
14.993 0.43329
17.042 -0.36132
13.291 -0.78041
12.742 0.77412
11.836 2.515
13.542 0.1243
19.528 -1.7307
10.161 2.2869
10.79 3.4207
21.812 -2.976
18.286 -2.3831
15.149 -1.5593
12.345 0.91068
20.5 -2.0789
11.822 3.9844
7.4451 -0.29861
11.376 2.3214
17.698 -0.67793
16.357 1.3922
17.651 0.52101
16.637 -0.67288
22.35 0.97823
10.282 3.1505
17.375 0.43222
14.739 0.1461
13.889 -1.6111
17.376 -1.1799
17.595 -3.2311
15.878 1.462
17.358 -0.90631
19.672 -2.5007
11.533 0.88988
18.114 -2.2488
19.697 -3.719
13.709 -1.461
11.837 0.31754
12.79 0.097834
16.231 0.16153
16.985 -0.41837
13.01 2.9859
12.296 1.0396
18.113 -3.1749
12.401 0.20717
16.101 -0.55406
15.326 1.0128
13.494 -1.1604
14.268 -0.24939
13.526 -0.41405
14.46 1.5552
13.005 2.3376
14.987 1.8978
20.575 -1.1142
17.886 -0.34067
13.507 0.36673
12.484 1.3392
15.36 -0.98238
18.097 -0.83315
12.912 0.08165
9.7779 4.1277
15.163 3.0327
10.874 1.3941
17.6 -1.027
12.361 1.3249
19.181 -0.14307
21.394 -0.65341
10.159 0.90419
17.918 -1.5418
10.575 0.15621
15.736 0.076443
21.098 -2.8831
20.116 -1.6754
13.876 0.51145
18.767 1.6715
12.114 2.7786
8.4764 1.4324
19.238 -0.60932
16.563 1.0468
20.323 -1.8808
15.234 -0.040697
18.193 -1.3023
12.883 2.4277
15.655 0.65147
17.052 0.35664
24.279 -1.3468
13.761 0.0094166
19.33 -0.98052
13.014 -1.9685
14.659 2.0428
8.7017 3.3401
18.191 0.5467
10.149 1.9098
15.213 1.6393
15.429 -1.1341
19.973 -2.185
17.862 -1.4067
19.408 -2.6797
14.564 0.18955
15.257 1.1733
19.248 -1.3435
15.196 2.127
16.058 0.88977
12.318 1.5369
14.591 0.56231
14.426 -0.44728
18.939 1.2945
21.785 -2.4501
19.118 -1.466
14.682 0.73602
18.447 0.20981
10.508 1.6382
13.857 -0.72367
15.753 1.2527
17.627 0.61871
14.403 0.74952
21.188 -2.263
17.357 -0.31932
17.618 -1.121
18.986 -0.041151
14.361 0.33313
11.708 1.3575
12.467 1.4968
16.034 -0.45492
12.629 -0.18845
14.628 1.6205
8.4604 1.8369
13.056 4.2407
17.643 -0.99418
19.332 0.49824
16.33 0.03795
15.384 1.9064
14.471 1.0447
19.365 -1.9716
15.964 -1.0136
18.59 -1.5738
16.15 1.5934
14.914 1.5192
14.204 0.86584
16.563 -0.45
13.111 -1.3399
17.684 1.0645
16.767 -1.5495
20.192 -1.4879
10.081 2.4623
21.073 -2.7786
18.677 -1.9629
14.861 -0.28923
16.096 -0.61582
16.294 0.21114
19.716 -0.16331
19.701 -2.5389
18.467 -2.7468
20.562 -0.80013
17.137 -1.1103
12.526 2.333
17.459 -0.026481
10.26 0.278
15.364 1.856
16.555 -0.22311
17.254 -2.0392
15.846 0.35925
18.504 -0.12831
16.882 1.332
14.793 1.2659
14.991 -0.22596
18.7 -1.3553
14.765 -2.3492
22.208 -2.2757
11.573 0.84821
12.096 2.5623
17.874 -1.5926
14.012 -0.34601
16.441 -0.35745
19.202 -2.2105
15.506 -0.68039
17.778 -0.60853
15.299 0.72294
18.398 0.77699
11.308 1.1309
15.985 0.3848
14.631 -2.5287
11.895 -0.50981
8.8927 2.1249
14.087 1.6892
17.315 0.89882
16.341 0.52383
19.583 -2.5024
15.294 1.2663
19.846 -3.0719
16.37 0.92261
12.288 1.2193
11.351 0.19187
18.585 0.64718
16.983 -0.07608
17.427 2.1321
10.938 -0.15478
14.885 1.0809
18.683 -0.42849
14.395 1.587
16.212 -0.54515
17.707 -0.081054
16.683 -2.0846
15.576 0.29706
16.543 -1.6835
14.795 -0.25291
14.65 -0.20131
9.8354 1.103
15.037 -0.60148
17.046 0.68163
16.988 -0.60539
18.367 -0.45936
12.358 2.2094
17.485 -0.30507
16.512 -0.13135
20.097 -1.025
20.424 -1.3793
13.717 -1.0744
20.702 0.0047815
13.299 1.4183
19.575 0.97245
12.133 2.1598
10.181 -0.075816
14.356 1.5917
17.133 0.25061
15.968 0.55307
14.181 -1.0996
19.821 -2.5482
15.667 1.3837
11.488 1.4263
15.792 -0.552
20.12 -2.0382
16.825 -2.5557
15.327 1.7662
13 2.1843
13.527 0.28743
16.66 2.7737
21.45 -2.4861
10.76 -0.41178
10.907 -0.73997
14.685 -1.4697
9.5553 -0.091645
13.775 0.045646
17.542 -0.46248
22.846 -0.97145
11.454 1.752
14.121 0.52703
13.773 1.082
17.573 0.6188
21.118 -2.2495
17.597 1.1064
15.325 1.1214
19.023 -2.8106
18.666 -0.27429
15.031 -0.32944
19.891 -1.2853
17.404 -1.7462
17.596 0.097102
12.164 4.4258
15.414 1.6836
16.279 0.17328
14.721 1.8984
13.488 1.2132
18.137 -0.04507
21.202 -2.5859
19.032 -1.4002
15.125 0.39299
19.803 -0.7134
13.752 1.279
18.305 -1.4598
14.943 1.7636
16.077 1.6875
11.315 3.0779
15.528 1.1526
18.124 0.32157
12.059 1.8485
17.615 -1.6349
15.993 0.66765
12.67 0.0063972
17.953 0.80506
14.112 2.7091
13.779 -1.2537
13.481 1.224
18.686 -2.2959
19.095 0.037716
20.885 -2.0754
15.524 -2.2634
16.197 -1.1807
19.178 -0.41498
14.414 0.34839
13.423 1.6393
17.519 0.32403
17.646 -0.81086
21.753 0.47258
14.458 -0.22239
18.448 -1.2947
18.688 -2.2879
21.396 -1.2788
17.591 -0.90043
15.931 0.58925
21.189 -4.5484
17.014 -0.065896
13.974 1.6283
18.955 -1.3046
10.597 3.0155
14.875 -0.26452
12.343 -1.7364
15.406 -0.21643
17.234 -0.8014
13.776 0.11822
14.893 2.6602
21.872 -2.1375
17.414 -3.0514
14.081 0.92562
14.058 0.57153
15.539 2.5253
20.169 -2.0363
