13.008 2.2839
17.088 0.82277
9.8434 3.9585
18.097 -0.63715
14.946 -0.049254
14.047 1.3568
15.747 3.6006
16.202 -0.067367
22.622 -1.5412
11.277 1.7
19.177 0.38798
14.809 1.6337
15.872 -0.55934
16.303 0.90132
18.248 -0.52203
17.057 0.24192
19.136 -0.92384
17.642 -2.2422
18.913 0.92037
14.917 0.21426
14.198 -0.68212
17.002 -3.9721
18.705 -2.0255
15.061 -1.8247
16.439 0.39334
20.66 -1.329
18.325 -0.59793
13.521 -0.65267
15.5 0.43841
18.169 0.90617
11.865 0.3971
16.283 0.78515
18.676 -2.1615
11.223 1.624
11.229 1.9924
18.298 -3.022
16.871 2.1453
7.1097 3.8567
13.446 0.42698
14.264 2.952
13.771 1.6969
23.605 -2.227
15.881 0.030704
15.262 0.72505
18.449 -3.3015
15.945 -0.99775
11.545 2.6229
16.337 -1.8328
15.78 -0.72227
22.599 -1.449
14.862 -0.76944
18.6 -0.74086
17.941 0.25444
16.098 2.2201
18.262 -1.5111
18.641 1.2156
16.151 0.40988
17.023 -0.2874
14.965 -1.3424
19.168 -1.7715
14.993 0.43329
17.042 -0.36132
13.291 -0.78041
12.742 0.77412
11.836 2.515
13.542 0.1243
19.528 -1.7307
10.161 2.2869
10.79 3.4207
21.812 -2.976
18.286 -2.3831
15.149 -1.5593
12.345 0.91068
20.5 -2.0789
11.822 3.9844
7.4451 -0.29861
11.376 2.3214
17.698 -0.67793
16.357 1.3922
17.651 0.52101
16.637 -0.67288
22.35 0.97823
10.282 3.1505
17.375 0.43222
14.739 0.1461
13.889 -1.6111
17.376 -1.1799
17.595 -3.2311
15.878 1.462
17.358 -0.90631
19.672 -2.5007
11.533 0.88988
18.114 -2.2488
19.697 -3.719
13.709 -1.461
11.837 0.31754
12.79 0.097834
16.231 0.16153
16.985 -0.41837
13.01 2.9859
12.296 1.0396
18.113 -3.1749
12.401 0.20717
16.101 -0.55406
15.326 1.0128
13.494 -1.1604
14.268 -0.24939
13.526 -0.41405
14.46 1.5552
13.005 2.3376
14.987 1.8978
20.575 -1.1142
17.886 -0.34067
13.507 0.36673
12.484 1.3392
15.36 -0.98238
18.097 -0.83315
12.912 0.08165
9.7779 4.1277
15.163 3.0327
10.874 1.3941
17.6 -1.027
12.361 1.3249
19.181 -0.14307
21.394 -0.65341
10.159 0.90419
17.918 -1.5418
10.575 0.15621
15.736 0.076443
21.098 -2.8831
20.116 -1.6754
13.876 0.51145
18.767 1.6715
12.114 2.7786
8.4764 1.4324
19.238 -0.60932
16.563 1.0468
20.323 -1.8808
15.234 -0.040697
18.193 -1.3023
12.883 2.4277
15.655 0.65147
17.052 0.35664
24.279 -1.3468
13.761 0.0094166
19.33 -0.98052
13.014 -1.9685
14.659 2.0428
8.7017 3.3401
18.191 0.5467
10.149 1.9098
15.213 1.6393
15.429 -1.1341
19.973 -2.185
17.862 -1.4067
19.408 -2.6797
14.564 0.18955
15.257 1.1733
19.248 -1.3435
15.196 2.127
16.058 0.88977
12.318 1.5369
14.591 0.56231
14.426 -0.44728
18.939 1.2945
21.785 -2.4501
19.118 -1.466
14.682 0.73602
18.447 0.20981
10.508 1.6382
13.857 -0.72367
15.753 1.2527
17.627 0.61871
14.403 0.74952
21.188 -2.263
17.357 -0.31932
17.618 -1.121
18.986 -0.041151
14.361 0.33313
11.708 1.3575
12.467 1.4968
16.034 -0.45492
12.629 -0.18845
14.628 1.6205
8.4604 1.8369
13.056 4.2407
17.643 -0.99418
19.332 0.49824
16.33 0.03795
15.384 1.9064
14.471 1.0447
19.365 -1.9716
15.964 -1.0136
18.59 -1.5738
16.15 1.5934
14.914 1.5192
14.204 0.86584
16.563 -0.45
13.111 -1.3399
17.684 1.0645
16.767 -1.5495
20.192 -1.4879
10.081 2.4623
21.073 -2.7786
18.677 -1.9629
14.861 -0.28923
16.096 -0.61582
16.294 0.21114
19.716 -0.16331
19.701 -2.5389
18.467 -2.7468
20.562 -0.80013
17.137 -1.1103
12.526 2.333
17.459 -0.026481
10.26 0.278
15.364 1.856
16.555 -0.22311
17.254 -2.0392
15.846 0.35925
18.504 -0.12831
16.882 1.332
14.793 1.2659
14.991 -0.22596
18.7 -1.3553
14.765 -2.3492
22.208 -2.2757
11.573 0.84821
12.096 2.5623
17.874 -1.5926
14.012 -0.34601
16.441 -0.35745
19.202 -2.2105
15.506 -0.68039
17.778 -0.60853
15.299 0.72294
18.398 0.77699
11.308 1.1309
15.985 0.3848
14.631 -2.5287
11.895 -0.50981
8.8927 2.1249
14.087 1.6892
17.315 0.89882
16.341 0.52383
19.583 -2.5024
15.294 1.2663
19.846 -3.0719
16.37 0.92261
12.288 1.2193
11.351 0.19187
18.585 0.64718
16.983 -0.07608
17.427 2.1321
10.938 -0.15478
14.885 1.0809
18.683 -0.42849
14.395 1.587
16.212 -0.54515
17.707 -0.081054
16.683 -2.0846
15.576 0.29706
16.543 -1.6835
14.795 -0.25291
14.65 -0.20131
9.8354 1.103
15.037 -0.60148
17.046 0.68163
16.988 -0.60539
18.367 -0.45936
12.358 2.2094
17.485 -0.30507
16.512 -0.13135
20.097 -1.025
20.424 -1.3793
13.717 -1.0744
20.702 0.0047815
13.299 1.4183
19.575 0.97245
12.133 2.1598
10.181 -0.075816
14.356 1.5917
17.133 0.25061
15.968 0.55307
14.181 -1.0996
19.821 -2.5482
15.667 1.3837
11.488 1.4263
15.792 -0.552
20.12 -2.0382
16.825 -2.5557
15.327 1.7662
13 2.1843
13.527 0.28743
16.66 2.7737
21.45 -2.4861
10.76 -0.41178
10.907 -0.73997
14.685 -1.4697
9.5553 -0.091645
13.775 0.045646
17.542 -0.46248
22.846 -0.97145
11.454 1.752
14.121 0.52703
13.773 1.082
17.573 0.6188
21.118 -2.2495
17.597 1.1064
15.325 1.1214
19.023 -2.8106
18.666 -0.27429
15.031 -0.32944
19.891 -1.2853
17.404 -1.7462
17.596 0.097102
12.164 4.4258
15.414 1.6836
16.279 0.17328
14.721 1.8984
13.488 1.2132
18.137 -0.04507
21.202 -2.5859
19.032 -1.4002
15.125 0.39299
19.803 -0.7134
13.752 1.279
18.305 -1.4598
14.943 1.7636
16.077 1.6875
11.315 3.0779
15.528 1.1526
18.124 0.32157
12.059 1.8485
17.615 -1.6349
15.993 0.66765
12.67 0.0063972
17.953 0.80506
14.112 2.7091
13.779 -1.2537
13.481 1.224
18.686 -2.2959
19.095 0.037716
20.885 -2.0754
15.524 -2.2634
16.197 -1.1807
19.178 -0.41498
14.414 0.34839
13.423 1.6393
17.519 0.32403
17.646 -0.81086
21.753 0.47258
14.458 -0.22239
18.448 -1.2947
18.688 -2.2879
21.396 -1.2788
17.591 -0.90043
15.931 0.58925
21.189 -4.5484
17.014 -0.065896
13.974 1.6283
18.955 -1.3046
10.597 3.0155
14.875 -0.26452
12.343 -1.7364
15.406 -0.21643
17.234 -0.8014
13.776 0.11822
14.893 2.6602
21.872 -2.1375
17.414 -3.0514
14.081 0.92562
14.058 0.57153
15.539 2.5253
20.169 -2.0363
5.6829 -15.535
5.5029 -11.283
5.1598 -12.79
5.7093 -8.9739
3.2955 -17.421
7.4398 -10.549
6.7003 -13.365
5.2085 -13.159
7.3391 -9.5876
9.123 -8.1485
3.6097 -11.84
5.7252 -12.491
6.2534 -11.761
7.8455 -9.2813
5.3795 -10.419
8.2316 -8.7024
7.5232 -7.565
5.5874 -13.73
4.6324 -12.759
5.7988 -10.362
5.3879 -10.288
6.8008 -9.3713
5.1554 -13.641
4.8601 -14.744
8.7958 -8.9998
8.9894 -9.4188
9.2397 -9.0361
6.7013 -12.533
6.2506 -9.1594
6.0565 -11.547
3.9897 -13.042
4.4165 -15.034
5.1909 -13.712
7.3446 -9.7768
5.4045 -12.378
6.7851 -8.5029
6.1756 -12.482
5.2645 -14.134
7.6448 -12.142
7.8974 -11.057
6.0462 -13.139
4.8052 -13.738
6.0382 -14.033
4.7159 -10.3
1.6814 -15.753
3.7782 -15.861
1.7815 -17.459
7.5551 -9.9651
4.4406 -12.305
4.2423 -14.011
2.3033 -12.174
5.3501 -11.759
5.5439 -11.832
8.4526 -9.0002
5.6614 -10.283
6.5072 -12.954
2.5709 -14.973
7.3329 -10.042
4.6465 -11.198
6.4917 -13.152
6.2114 -10.187
7.5554 -14.382
5.5958 -12.218
6.6815 -12.275
2.991 -16.182
6.8271 -10.625
4.7067 -14.36
9.8186 -7.6237
7.1926 -8.2538
5.7992 -9.5423
4.8792 -11.755
4.0988 -13.257
4.0124 -13.987
6.0792 -10.625
6.7399 -13.083
3.0202 -14.452
3.9152 -12.056
7.7952 -9.6163
9.8283 -8.2969
4.4765 -14.226
7.1914 -12.198
5.2484 -9.9348
5.0524 -13.692
7.0681 -10.096
5.4674 -12.614
7.6648 -11.907
3.548 -11.018
8.7602 -11.376
6.5016 -11.38
4.7428 -12.013
7.559 -13.105
5.6345 -10.724
4.2949 -16.483
4.4712 -13.889
9.1007 -10.657
5.5495 -11.007
3.8268 -15.68
6.5446 -14.801
2.4755 -15.787
5.5279 -9.9611
3.3887 -16.263
1.7657 -18.73
6.7839 -10.396
6.4878 -10.96
6.295 -12.932
5.3773 -14.367
4.5933 -12.422
5.87 -12.962
8.696 -10.077
7.4498 -9.6389
5.8588 -11.717
4.7023 -14.172
4.6814 -15.371
8.5022 -9.2625
5.0542 -14.538
7.054 -11.052
5.5284 -11.306
4.8818 -11.153
4.3984 -16.018
9.0745 -10.014
5.5178 -13.316
3.6654 -13.029
3.6961 -15.853
5.1925 -13.902
5.8672 -10.423
6.0744 -11.253
5.7328 -12.973
7.7751 -9.888
6.8341 -11.72
5.2173 -13.375
7.4007 -10.146
4.9122 -12.035
6.0139 -10.376
5.9098 -13.844
6.1495 -14.012
3.3724 -15.135
9.3741 -8.4547
4.2004 -11.176
8.8222 -10.251
4.832 -12.679
3.0445 -13.664
5.3657 -11.975
4.298 -11.666
4.3388 -11.414
4.4817 -10.937
6.2366 -12.309
4.5303 -14.25
12.08 -8.2867
6.1576 -6.583
8.5951 -9.3395
4.2766 -11.8
3.1067 -17.285
3.6947 -15.464
8.5634 -9.2569
8.5374 -9.4169
1.4349 -15.013
7.7908 -10.939
8.2706 -8.0606
7.1045 -13.523
5.8995 -10.758
7.8365 -10.247
5.4244 -13.112
6.2334 -13.214
6.9865 -8.308
8.2248 -9.1006
6.0316 -13.039
8.9874 -9.9503
8.572 -13.349
8.8346 -12.037
5.3186 -12.385
4.192 -14.981
6.3027 -9.2689
7.3648 -10.641
3.9292 -11.098
5.7842 -12.188
3.8759 -15.491
7.2759 -10.705
4.3663 -14.275
2.6085 -15.881
3.0604 -15.182
4.2059 -13.722
7.0253 -10.79
5.9966 -13.904
7.8949 -11.124
5.4818 -11.732
7.5096 -7.8676
4.9406 -13.27
5.107 -11.299
5.2782 -10.804
6.4441 -12.504
7.6335 -11.996
5.3697 -11.865
7.5223 -9.541
6.8401 -11.664
9.6747 -8.7155
6.0301 -11.644
3.3603 -15.641
5.1391 -12.758
3.444 -14.825
5.2707 -15.992
6.4863 -11.993
7.6949 -10.79
2.4102 -13.945
5.3393 -12.277
2.0309 -14.852
6.6079 -11.99
4.7668 -12.352
6.1244 -11.946
5.8887 -10.804
7.977 -11.84
5.7373 -12.052
6.8057 -10.848
6.5995 -8.0904
5.6418 -10.017
7.9795 -10.792
6.3041 -10.292
7.2565 -10.773
5.5866 -13.524
8.6059 -9.3579
5.827 -14.203
4.688 -12.525
2.964 -16.298
6.6905 -10.797
5.5508 -13.129
4.1284 -13.044
4.5115 -11.741
6.8556 -10.046
5.5294 -12.555
6.9377 -10.726
6.3867 -10.892
2.416 -16.197
5.1347 -11.064
8.1713 -13.762
5.1143 -11.903
5.7239 -13.134
5.267 -12.392
8.9988 -8.5089
7.2724 -13.729
6.7848 -12.902
7.6086 -10.434
7.1784 -9.5011
5.9962 -10.694
5.4913 -13.743
7.9973 -9.2765
8.2946 -9.2611
5.1958 -12.405
7.6635 -9.6514
6.3495 -12.527
8.4723 -10.445
7.497 -12.474
4.4471 -14.39
5.7433 -13.417
4.1453 -14.41
9.091 -9.2344
5.059 -10.05
7.0515 -11.791
3.9038 -14.186
6.5626 -10.643
3.1299 -13.365
8.6706 -10.146
6.3934 -10.462
10.721 -7.9516
1.3536 -17.986
7.816 -8.9708
7.6413 -13.55
4.9597 -13.901
5.8947 -11.05
8.7458 -12.15
3.8937 -13.054
5.6298 -10.164
7.0314 -11.663
5.9019 -13.926
6.7579 -12.99
6.1862 -11.817
5.0586 -11.946
6.941 -10.714
8.2307 -10.61
2.9393 -16.047
2.6334 -13.753
6.9448 -9.4948
8.2284 -11.47
7.261 -10.143
5.121 -12.622
5.2159 -14.846
6.2546 -11.693
5.7906 -12.04
7.5795 -8.8995
7.1809 -13.287
3.1216 -15.009
6.045 -11.817
7.3738 -10.037
9.093 -8.646
4.3664 -12.53
4.8431 -11.764
6.7164 -11.324
7.1964 -11.378
6.9808 -9.2823
9.5375 -6.6127
2.7983 -14.745
5.7291 -10.998
7.4927 -8.6633
7.7671 -12.182
3.2367 -12.996
6.7318 -9.7338
4.2264 -12.554
5.2419 -10.427
4.7852 -12.309
4.6818 -11.556
7.3844 -11.558
6.5764 -12.154
8.3563 -10.477
7.1308 -13.126
4.8042 -14.36
5.838 -8.9805
6.3643 -10.971
7.9499 -12.491
4.1178 -13.712
6.8317 -9.0345
3.5705 -15.629
4.9734 -12.699
6.3867 -11.975
7.2329 -12.476
10.037 -8.6918
5.2478 -8.9333
6.5031 -9.4041
5.1455 -12.271
6.1984 -13.944
5.2096 -13.186
8.5382 -9.3923
7.3798 -10.27
5.9889 -12.318
6.3624 -10.531
8.4535 -9.656
6.7563 -12.4
4.7166 -13.465
4.8695 -12.967
4.4926 -11.619
6.0457 -12.079
4.0262 -15.56
6.7072 -12.988
4.7991 -8.7057
6.9816 -10.21
9.3165 -9.3634
6.3493 -14.252
2.9591 -15.499
7.9392 -10.95
7.4527 -11.53
4.6282 -14.31
5.3997 -12.45
7.8752 -8.9346
3.5097 -14.322
8.59 -7.6087
6.6904 -13.71
5.83 -8.3964
6.8393 -13.149
8.0037 -11.269
4.2554 -12.737
5.1562 -13.765
3.2088 -18.578
5.6987 -13.153
6.1413 -13.88
4.8097 -15.405
8.1643 -8.869
5.2138 -13.018
7.3578 -9.8088
8.5269 -10.177
3.4223 -13.669
8.3556 -8.816
7.4679 -9.4674
3.6229 -15.8
4.8628 -12.94
5.9069 -14.199
7.6322 -11.601
6.6442 -10.809
6.5651 -14.907
-1.1252 4.5979
-0.99352 0.3309
1.4266 5.032
-2.2978 1.1743
-1.3371 7.5681
-0.72598 2.1256
-1.141 -0.41975
0.89042 1.4965
-1.673 -0.11618
-1.6785 2.1421
-2.3003 -1.3355
0.64252 2.2924
-0.63076 2.3986
-0.9469 9.1878
0.73216 -0.56593
-1.1578 3.7111
-2.7169 0.42923
-0.77897 1.6361
-1.2623 1.5766
-2.9271 2.8038
-0.77303 1.3435
-1.3476 -0.43623
-2.0954 0.70575
-1.2684 1.6746
-0.76657 6.4692
0.59123 6.3191
-0.24884 -1.1348
0.34551 5.5164
-1.4752 -4.4426
-1.6463 2.152
-0.76307 2.4904
1.824 -0.32723
-2.5372 -1.9538
-2.1677 3.5458
-1.1763 0.29487
-1.6036 -0.27895
-1.5249 -1.7562
-0.38135 -1.5177
-0.33123 3.9011
-1.4298 2.6056
-0.9672 -0.86559
-2.8105 -1.891
-0.73827 3.6196
-1.4333 1.8688
-1.9203 -1.1787
1.3198 3.6065
1.2065 1.6967
-2.2501 -0.40241
-2.7507 -0.099678
-2.8535 -2.2135
-1.9551 2.6132
-2.9814 3.2375
0.25229 -0.26984
2.2116 6.7424
-0.66912 1.9934
-1.5106 -0.56334
1.1151 4.5404
-0.56615 0.31249
-2.2519 -0.67409
-1.3341 4.0715
-0.73729 4.8828
-0.32443 -1.4443
-0.41091 -1.9812
1.1383 7.9537
-1.0756 6.2572
-0.3765 -0.11636
0.37437 7.8626
-0.63653 -1.3572
-3.8619 -0.41175
-3.2458 4.4108
0.97409 3.8407
0.96018 6.3656
-0.64096 0.57347
-2.0305 4.9912
-3.8912 -0.26725
-1.4101 4.4484
-2.7685 -0.87675
-0.37537 -2.6612
-2.6334 3.2489
-0.84808 7.0668
-0.55019 1.4186
-1.5426 4.4868
-2.0082 0.015161
-1.8698 2.4514
-1.6805 -1.0344
-0.93275 0.55249
-1.0556 -2.4244
-2.4883 3.0484
-0.46961 -1.3318
-2.2199 1.9005
-2.4204 -0.23203
-3.4233 -0.63718
-3.2807 2.2372
-1.7546 6.574
-0.38511 6.8563
0.077863 3.1111
-1.6803 5.5454
0.36928 1.985
-1.3152 -1.1056
0.9047 -0.73434
-1.2549 -0.93071
0.49529 3.0866
-0.14969 0.53529
0.1492 3.3544
-0.76828 1.5234
-1.0304 4.7857
-1.6173 2.6516
-1.0067 -0.52165
3.2728 7.9174
-4.0422 -5.1474
-2.2098 0.49697
-0.22327 2.3634
-0.25338 1.4103
-1.5538 -0.3858
0.92395 5.1336
0.0056185 2.7029
0.1146 2.6709
0.85592 -0.51789
-2.1183 -0.59965
-0.52038 -2.31
-1.6377 4.6094
-0.9491 5.4232
-0.30411 2.4513
-1.7719 -2.0456
-1.4375 0.58578
-0.098379 -0.39396
-0.81042 1.6407
-2.7265 0.72322
-0.17332 -1.1828
-1.1927 4.7621
-2.5878 2.9861
-0.61119 0.96326
2.1935 5.3604
0.35085 0.66414
-2.826 -2.3322
-2.0949 -4.7625
-0.88206 3.6986
-1.8446 -3.0999
0.62255 4.3841
-0.30198 -0.95851
1.4848 8.756
-0.777 1.7789
-0.0055065 1.5752
-1.3653 4.6842
-2.5439 1.7679
-2.4662 0.75655
-1.1106 4.5735
-3.9842 -1.9097
-1.1813 2.1934
-1.2934 5.5567
-1.6558 4.0765
-1.9406 -1.8788
-1.4949 -0.71995
-2.6933 3.2898
-1.8477 -3.2781
-0.91537 -0.33601
-1.6098 2.7395
0.17888 4.6835
0.53687 -1.0649
-1.7426 0.030845
-1.7456 2.7345
-0.25781 3.5686
-4.3678 -6.789
-0.40342 3.2715
-2.5735 -0.40863
-0.56609 4.2936
-0.17359 5.9076
-0.3964 5.1596
-1.7711 3.5229
-0.57905 1.3012
-3.6937 3.12
1.1165 3.8581
-3.2542 4.6444
-0.62685 0.28091
-2.3119 6.3649
-3.3562 0.56831
-0.16868 0.63165
-1.5007 1.5208
-2.6273 7.8014
-2.8324 -3.5944
-1.6638 2.7234
1.6024 7.3817
-1.1978 1.0001
-0.17308 3.5138
-1.8434 4.6321
-2.9736 0.88111
-1.024 2.7237
1.0218 -1.5832
-2.3368 1.2479
-1.6514 0.79977
-0.24396 3.8902
0.63755 2.3974
0.40237 0.10374
-3.402 -0.26165
-0.18246 3.2641
-1.0152 3.2879
-0.60957 1.8068
-0.98795 -2.8976
-2.6931 0.71324
-0.026179 4.9453
-1.554 1.2841
-1.5447 5.466
0.0050685 1.8837
-0.68502 -3.1197
-3.002 1.1745
-0.67854 2.8567
-2.6518 3.4373
-1.7545 -1.2378
-2.1236 0.080874
-0.3388 3.6514
-0.64252 1.0931
1.0899 2.5159
-1.0045 -0.74048
0.037682 5.6183
-1.2892 3.9824
0.53342 2.4323
-0.13571 2.4814
-0.57474 0.5575
-1.8973 5.95
0.81558 6.9779
-1.5504 -3.2157
-1.5909 2.8707
-1.6461 -3.2904
-1.2631 3.356
-3.2204 0.59353
0.18999 2.7757
-2.9584 -3.6874
-1.6628 1.1435
0.6334 0.77736
1.5376 5.5452
-1.1239 4.2169
-1.0098 -1.1411
-0.55286 2.3983
-1.4643 1.7458
0.59717 6.6068
0.4898 1.1695
0.28453 -0.79259
-1.2762 5.7417
-1.4886 1.0435
-2.1763 -6.6367
-1.2993 5.8725
-1.7609 5.9164
-0.65138 6.8745
-0.13015 -1.5029
1.1706 3.7916
-1.7509 5.8967
-0.99399 1.1274
-1.511 -0.69172
2.2454 4.3584
0.26168 -1.1378
-1.1398 5.2849
0.39387 0.87111
-1.0795 3.697
-1.8063 3.0216
-0.22216 7.0125
-2.0155 -0.76238
-0.9826 0.59365
-3.0974 2.8179
-0.90956 7.7967
-3.1878 0.85074
-1.8336 -2.515
2.0444 3.3396
0.050831 9.2559
-3.0886 2.9973
-2.9626 1.9971
-1.2335 1.3993
-0.23415 -5.7201
-2.6699 1.1666
1.7699 4.7376
0.92795 2.2622
-1.2727 6.4968
0.94898 5.126
-0.21306 1.5614
-1.3085 -1.3794
-2.2023 -0.62627
0.092812 0.2094
-3.1039 -0.21339
-3.2248 -4.0291
-1.575 -1.3697
-0.36931 1.4146
-0.83003 5.4759
0.12773 4.7007
-2.0816 3.4532
-1.7185 0.014307
-2.6348 1.9609
-1.6641 0.55068
-3.0908 1.5735
0.47009 0.97148
-0.88467 2.1524
-0.87349 3.5303
-1.3047 5.4908
-0.66297 3.8844
-1.2277 -3.4713
-3.3552 -1.7183
-1.8218 -2.1946
-1.9426 5.9568
-1.0341 -1.0142
-0.65091 -4.3538
0.28076 3.3975
-1.436 0.34031
-0.1775 6.7023
-0.23894 -1.4827
0.93126 2.3364
-2.3987 2.4651
-2.9176 -3.2864
-2.1284 1.7281
-2.5594 -1.5034
1.3713 -0.67838
-0.5705 3.2468
-0.11813 -1.8377
-1.7199 2.4345
-0.7278 1.5952
-1.5312 -0.13119
0.70798 2.0903
-2.6145 -1.1586
-1.5324 1.1423
-2.5278 6.1786
-0.055684 -0.48938
-0.73146 5.0551
-1.1698 3.7715
-1.9184 -1.0523
-1.1858 1.6082
-0.41422 5.7008
0.85538 5.4358
-2.191 -4.7083
0.21525 -6.4202
-0.15715 2.895
-0.61121 4.368
-3.9699 -1.6343
-0.22295 2.2116
-0.88375 1.7957
-2.6882 5.5053
0.088162 0.20183
-4.011 1.8711
-0.74227 2.7483
-3.0077 -0.43227
-0.76507 -0.11522
-0.59024 7.9232
-2.4439 4.0453
-0.5277 4.2315
-0.58833 0.73095
-1.5344 -0.47453
-0.045833 0.46175
-1.8843 1.6349
-0.33839 1.5851
-1.3269 3.8114
-0.57674 -2.6378
-1.3478 -0.51338
-0.084339 3.134
-0.92934 0.43687
-0.40449 1.6719
0.13063 7.9191
-0.53776 7.56
1.5162 4.6104
-0.13957 -1.9256
-4.5223 1.5613
0.85488 -2.3209
-0.92877 4.1095
-2.1159 -2.2675
-2.014 5.0591
-2.8419 -1.3259
-1.507 1.7079
-2.0415 2.6476
-1.3479 1.661
-1.2484 5.9492
-2.6869 2.6646
-1.8518 0.56284
-0.19702 2.5962
-0.3831 -0.018451
-0.366 1.9816
-0.87505 8.4308
-0.77935 9.1251
-0.21741 -5.983
-3.3426 0.77942
-0.4984 8.225
